
-----------seed: 0------------
 
-----------seed: 1------------
 1 1 2 1 1 1 2 1 1 
-----------seed: 2------------
 
-----------seed: 3------------
 
-----------seed: 4------------
 
-----------seed: 5------------
 2 1 1 1 2 1 1 1 2 1 1 1 2 1 1 1 2 1 1 2 1 1 1 2 1 1 1 1 2 1 1 2 1 1 1 2 1 2 1 1 1 2 1 2 1 2 1 1 1 2 1 1 2 1 1 1 1 2 1 1 1 2 1 1 1 2 1 1 2 1 1 1 1 2 1 1 1 2 1 1 2 2 1 1 2 1 1 1 2 1 1 1 1 2 1 1 2 1 1 2 1 2 1 1 1 2 1 1 1 1 1 2 1 1 2 1 1 1 1 2 1 1 1 2 1 1 1 1 1 2 1 2 1 1 1 1 1 2 1 1 2 1 1 1 1 1 2 1 1 1 2 1 2 1 1 2 1 1 2 1 1 1 1 2 1 1 1 2 1 1 2 1 1 1 1 1 2 1 1 1 1 1 1 1 1 1 1 1 1 1 1 1 1 1 1 1 1 1 1 1 1 1 1 1 1 1 1 1 1 1 1 1 1 1 1 1 1 1 1 1 1 1 1 1 1 1 1 1 1 1 1 1 1 1 1 1 1 1 1 1 1 1 1 1 1 1 1 1 1 1 1 1 1 1 1 1 1 1 1 1 1 
-----------seed: 6------------
 
-----------seed: 7------------
 
-----------seed: 8------------
 
-----------seed: 9------------
 1 2 1 1 1 2 1 2 1 1 2 1 1 2 1 1 1 2 1 2 1 1 1 2 1 1 2 1 2 1 1 2 1 1 1 2 2 1 1 1 2 1 1 2 1 2 1 1 2 1 1 1 2 1 1 1 1 2 1 1 2 1 1 1 1 2 1 1 1 2 1 1 1 1 2 1 1 2 1 1 1 1 2 1 1 1 2 1 1 2 1 2 1 1 2 1 1 1 2 2 1 1 1 2 1 1 2 1 2 1 1 2 1 1 1 2 1 1 1 1 2 1 1 2 1 1 1 1 2 1 1 1 2 1 1 1 1 2 1 1 2 1 1 1 1 1 2 1 1 2 1 1 2 1 2 1 1 1 2 1 1 2 1 2 1 1 2 1 1 1 2 2 1 1 1 2 1 1 2 1 2 1 1 1 2 1 1 2 1 2 1 1 2 1 1 1 2 1 1 1 1 2 1 1 2 1 1 
-----------seed: 10------------
 
-----------seed: 11------------
 1 1 2 1 1 2 1 1 1 1 2 1 1 1 2 1 1 2 1 2 1 1 2 1 1 1 2 2 1 1 1 2 1 1 2 1 2 1 1 2 1 1 1 2 1 1 1 1 2 1 1 2 1 1 1 1 2 1 1 1 2 1 1 1 1 2 1 1 2 1 1 1 1 2 1 1 1 2 1 1 2 1 2 1 1 2 1 1 1 2 2 1 1 1 2 1 1 2 1 2 1 1 2 1 1 1 2 1 1 1 1 2 1 1 2 1 1 1 1 2 1 1 1 2 1 1 1 1 2 1 1 2 1 1 1 1 2 1 1 1 2 1 1 2 1 2 1 1 2 1 1 1 2 2 1 1 1 2 1 1 2 1 2 1 1 2 1 1 1 2 1 1 1 1 2 1 1 2 1 1 1 1 1 1 1 1 2 1 1 1 1 1 1 1 1 1 1 1 1 1 1 1 1 1 1 1 1 1 1 1 1 1 1 1 1 1 1 1 1 1 1 1 1 1 1 1 1 1 1 1 1 1 1 1 1 1 1 1 1 1 1 1 1 1 1 1 1 1 1 1 1 1 1 1 1 1 1 1 1 1 1 1 1 1 1 1 1 1 1 1 1 1 1 1 1 1 1 1 1 1 1 1 1 1 1 1 1 1 
-----------seed: 12------------
 
-----------seed: 13------------
 2 1 1 2 1 2 1 1 1 1 1 1 2 1 1 2 1 1 1 1 2 1 1 2 1 1 1 1 2 1 1 1 2 1 1 1 1 2 1 1 2 1 1 1 2 1 2 1 1 2 1 1 2 1 2 1 1 2 1 1 1 2 1 1 1 2 1 1 1 2 1 1 1 2 1 1 1 2 1 1 2 1 2 1 1 1 2 1 1 2 2 1 1 1 2 1 1 2 1 2 1 1 1 2 1 1 2 1 1 1 1 2 1 1 2 1 1 1 1 1 2 1 1 2 1 1 1 1 2 1 1 1 2 1 1 1 1 2 1 1 1 2 1 1 1 1 1 1 1 1 1 1 1 1 1 1 1 1 1 1 1 1 1 1 1 1 1 1 1 1 1 1 1 1 1 1 1 1 1 1 1 1 1 1 1 1 1 1 1 1 1 1 1 1 1 1 1 1 1 1 1 2 1 1 2 1 1 1 1 1 2 1 1 2 1 1 2 1 2 2 1 2 2 1 1 2 2 1 2 2 1 2 2 1 1 2 2 1 2 2 1 2 2 2 1 2 2 1 2 2 1 2 2 2 1 2 2 1 2 2 1 1 2 2 1 2 2 1 2 2 1 2 2 1 2 2 2 1 2 2 1 2 2 1 2 2 1 2 2 2 1 2 2 1 2 2 1 1 2 2 1 2 2 1 2 2 2 1 2 2 1 2 2 1 2 2 2 1 2 2 1 2 2 1 1 2 2 1 2 2 1 2 2 2 1 2 2 1 2 2 1 2 2 2 1 2 2 1 2 2 1 1 2 2 1 2 2 1 2 2 2 1 2 2 1 2 2 1 2 2 2 1 2 2 1 2 2 1 1 2 2 1 2 2 1 2 2 2 1 2 2 1 2 2 1 2 2 2 1 2 2 1 2 2 1 1 2 2 1 2 2 1 2 2 1 1 1 1 1 1 1 1 1 1 1 2 1 1 1 1 1 1 1 1 1 1 1 1 1 1 1 1 1 1 1 1 1 1 1 1 1 1 1 1 1 1 1 1 1 1 1 1 1 1 1 1 1 1 1 1 1 1 1 1 1 1 1 1 1 1 1 1 1 1 1 1 1 1 1 1 1 1 1 1 1 1 1 1 1 1 1 1 1 1 1 1 1 1 1 1 1 1 1 
-----------seed: 14------------
 
-----------seed: 15------------
 1 1 1 2 1 1 2 1 1 2 1 1 2 1 1 2 1 1 2 1 2 2 1 1 2 1 1 1 2 1 2 2 1 2 2 1 1 1 1 1 1 1 1 1 1 2 1 1 1 2 1 1 2 1 2 2 1 2 2 1 2 2 1 2 2 2 1 2 2 1 2 2 2 2 1 2 2 1 2 2 2 1 2 2 1 2 2 1 2 2 2 1 2 2 1 2 2 1 2 1 2 2 1 2 2 2 1 2 2 1 2 2 1 2 2 1 2 1 1 2 1 2 1 1 2 1 1 1 2 1 1 2 1 1 2 1 1 1 1 1 1 1 1 1 1 1 1 1 1 1 1 1 1 1 1 1 1 1 1 1 1 1 1 1 2 1 1 2 1 2 1 1 1 1 1 1 1 1 1 1 1 1 1 1 1 1 1 1 1 1 1 1 1 1 1 1 1 1 
-----------seed: 16------------
 
-----------seed: 17------------
 1 1 2 1 2 1 1 1 1 1 2 2 1 1 2 1 1 1 2 1 2 2 1 2 2 1 2 1 1 2 1 1 2 1 2 1 1 2 2 1 2 2 1 1 2 1 1 1 2 1 2 2 1 2 2 1 1 2 1 2 1 1 1 2 1 1 2 1 1 1 2 1 2 2 1 2 2 1 2 2 1 1 2 1 1 2 1 1 1 2 2 2 1 2 2 1 1 2 1 1 1 2 1 2 2 1 2 2 2 1 1 2 1 1 1 1 1 2 1 2 2 1 1 2 1 1 1 2 1 2 2 1 2 2 1 1 1 1 1 1 1 1 1 1 2 1 1 1 2 1 1 2 1 2 2 1 2 2 1 2 2 1 1 1 1 1 1 2 1 2 2 1 1 1 1 1 1 1 1 1 2 1 1 2 1 1 2 1 1 2 1 2 2 1 2 2 1 2 1 1 1 1 1 1 1 1 1 1 1 1 1 1 1 1 1 1 2 1 1 2 1 1 2 1 1 1 2 1 2 2 1 2 2 1 1 1 1 1 1 1 1 1 1 1 1 1 1 1 1 1 1 1 2 1 1 2 1 1 1 1 1 2 1 2 2 1 1 2 1 1 1 2 1 2 2 1 2 2 1 1 1 1 1 1 1 1 1 1 1 1 1 1 1 1 1 1 1 1 1 1 1 1 1 1 1 1 1 2 2 1 1 2 1 1 1 2 1 2 2 1 2 2 1 2 2 2 1 2 2 1 2 2 1 1 2 2 1 2 2 1 2 2 2 2 2 1 2 2 2 1 2 1 2 2 1 2 2 1 2 2 2 1 2 2 1 2 2 1 2 2 2 1 2 2 1 2 2 1 1 2 2 1 2 2 1 2 2 2 1 2 2 1 2 2 1 2 2 2 1 2 2 1 2 2 1 1 2 2 1 2 2 1 2 2 1 1 1 1 1 1 1 1 1 1 2 1 1 2 1 2 1 1 1 2 2 1 2 2 1 2 2 1 1 1 1 1 1 1 1 1 1 1 1 1 1 1 1 1 1 1 1 1 1 1 1 1 1 1 1 1 1 1 1 1 1 1 1 1 1 1 1 1 1 1 1 1 1 1 1 2 1 1 2 1 2 2 1 2 2 1 2 2 1 1 1 1 1 1 2 1 2 2 1 1 1 1 1 1 1 1 1 1 1 1 1 1 1 1 1 1 1 1 1 1 1 1 1 1 1 1 1 1 1 1 1 1 1 1 1 1 1 1 1 1 1 1 1 1 2 1 1 1 2 1 1 2 1 2 2 1 2 2 1 2 2 1 1 1 1 1 1 2 1 2 2 1 1 1 1 1 1 1 1 1 1 1 1 1 1 1 1 1 1 1 1 1 1 1 1 1 1 1 1 1 1 1 1 1 1 1 1 1 1 1 1 1 1 1 1 1 2 1 1 2 1 2 1 1 1 2 1 2 2 1 1 2 1 1 1 2 1 2 2 1 2 2 1 1 1 1 1 1 1 1 1 1 1 1 1 1 1 1 1 1 1 1 1 1 1 1 1 1 1 1 1 1 1 1 1 1 1 1 1 1 1 1 1 1 1 1 1 1 1 1 1 1 1 1 1 1 1 1 2 1 1 2 1 2 1 1 2 2 1 2 2 1 1 2 1 1 1 2 1 2 2 1 2 2 1 1 1 1 1 1 1 1 1 1 1 1 1 1 1 1 1 1 1 1 1 1 1 1 1 1 1 1 1 1 1 1 1 1 1 1 1 1 1 1 1 1 1 1 1 1 1 1 1 1 1 1 1 1 2 1 2 1 1 1 1 1 1 2 1 1 2 1 1 1 2 1 2 2 1 2 2 1 2 2 1 1 1 1 1 1 1 1 1 2 1 1 1 1 1 1 1 1 1 1 1 1 1 1 1 1 1 1 1 1 1 1 1 1 1 1 1 1 1 1 1 1 1 1 1 1 1 1 1 1 1 1 1 1 1 1 1 1 1 1 1 1 1 1 1 2 1 2 1 1 1 1 1 2 2 1 1 2 1 1 1 2 1 2 2 1 2 2 1 2 2 1 1 1 1 1 1 1 1 1 1 1 1 1 1 1 1 1 1 1 1 1 1 1 1 1 1 1 1 1 1 1 1 1 1 1 1 1 1 1 1 1 1 1 1 1 1 1 1 1 1 1 1 1 1 1 1 1 1 1 1 1 1 1 1 1 1 1 1 1 1 1 1 2 2 1 1 2 1 1 2 1 1 1 2 1 2 2 1 2 2 1 1 1 1 1 1 1 1 1 1 1 1 1 1 1 1 1 1 1 1 1 1 1 1 1 1 1 1 1 1 1 1 1 1 1 1 1 1 1 1 1 1 1 1 1 1 1 1 1 1 1 1 1 1 1 1 1 1 1 1 1 1 1 1 1 1 1 1 1 1 1 1 1 1 2 1 1 2 1 2 1 2 1 2 2 1 2 2 1 2 1 1 1 1 1 1 1 1 1 1 1 1 1 1 1 1 1 1 1 1 1 1 1 1 1 1 1 1 1 1 1 1 1 1 1 1 1 1 1 1 1 1 1 1 1 1 1 1 1 1 1 1 1 1 1 1 1 1 1 1 1 1 1 1 1 1 1 1 1 1 1 1 1 2 1 1 1 1 1 1 1 1 1 2 1 1 1 2 1 1 2 1 2 2 1 2 2 1 2 1 1 1 1 1 1 1 2 1 1 1 1 1 1 1 1 1 1 1 1 1 1 1 1 1 1 1 1 1 1 1 1 1 1 1 1 1 1 1 1 1 1 1 1 1 1 1 1 1 1 1 1 1 1 1 1 1 1 1 1 1 1 1 1 1 1 1 1 1 1 1 1 1 1 1 1 1 1 1 1 1 1 1 2 1 2 1 1 1 1 1 2 2 1 1 2 1 1 1 2 1 2 2 1 2 2 1 2 1 1 1 1 1 1 1 1 1 1 1 1 1 1 1 1 1 1 1 1 1 1 1 1 1 1 1 1 1 1 1 1 1 1 1 1 1 1 1 1 1 1 1 1 1 1 1 1 1 1 1 1 1 1 1 1 1 1 1 1 1 1 1 1 1 1 1 1 1 1 1 1 1 1 1 1 1 1 1 1 1 2 1 2 1 1 1 1 1 1 2 1 1 2 1 1 1 2 1 2 2 1 2 2 1 2 2 1 1 1 1 1 1 1 1 1 2 1 1 1 1 1 1 1 1 1 1 1 1 1 1 1 1 1 1 1 1 1 1 1 1 1 1 1 1 1 1 1 1 1 1 1 1 1 1 1 1 1 1 1 1 1 1 1 1 1 1 1 1 1 1 1 1 1 1 1 1 1 1 1 1 1 1 1 1 1 1 1 1 1 1 1 1 1 1 1 1 1 2 1 1 2 1 2 1 1 1 2 1 1 2 1 1 1 2 1 2 2 1 2 2 1 2 2 1 2 2 1 1 2 1 1 1 2 1 2 2 1 2 2 1 2 2 2 1 2 2 1 2 2 1 2 1 1 1 1 1 1 1 2 1 1 1 1 1 1 1 1 1 1 1 1 1 1 1 1 1 1 1 1 1 1 1 1 1 1 1 1 1 1 1 1 1 1 1 1 1 1 1 1 1 1 1 1 1 1 1 1 1 1 1 1 1 1 1 1 1 1 1 1 1 1 1 1 1 1 1 1 1 1 1 1 1 1 1 1 1 1 1 1 1 1 1 1 1 1 1 1 1 1 1 2 2 1 1 2 1 1 2 1 1 1 2 1 2 2 1 2 2 1 1 1 1 1 1 1 1 1 1 1 1 1 1 1 1 1 1 1 1 1 1 1 1 1 1 1 1 1 1 1 1 1 1 1 1 1 1 1 1 1 1 1 1 1 1 1 1 1 1 1 1 1 1 1 1 1 1 1 1 1 1 1 1 1 1 1 1 1 1 1 1 1 1 1 1 1 1 1 1 1 1 1 1 1 1 1 1 1 1 1 1 1 1 1 1 1 1 1 2 1 1 2 1 2 1 1 1 2 1 2 2 1 1 2 1 1 1 2 1 2 2 1 2 2 1 1 1 1 1 1 1 1 1 1 1 1 1 1 1 1 1 1 1 1 1 1 1 1 1 1 1 1 1 1 1 1 1 1 1 1 1 1 1 1 1 1 1 1 1 1 1 1 1 1 1 1 1 1 1 1 1 1 1 1 1 1 1 1 1 1 1 1 1 1 1 1 1 1 1 1 1 1 1 1 1 1 1 1 1 1 1 1 1 1 1 1 1 1 1 1 1 1 1 1 2 1 1 1 1 1 1 1 1 1 2 2 1 1 2 1 1 2 1 1 1 2 1 2 2 1 2 1 1 1 1 1 1 1 1 1 1 1 1 1 1 1 1 1 1 1 1 1 1 1 1 1 1 1 1 1 1 1 1 1 1 1 1 1 1 1 1 1 1 1 1 1 1 1 1 1 1 1 1 1 1 1 1 1 1 1 1 1 1 1 1 1 1 1 1 1 1 1 1 1 1 1 1 1 1 1 1 1 1 1 1 1 1 1 1 1 1 1 1 1 1 1 1 1 1 1 1 1 1 1 1 1 1 1 1 1 1 2 1 1 2 1 2 1 
-----------seed: 18------------
 
-----------seed: 19------------
 1 1 2 1 1 2 1 1 2 2 2 1 1 2 1 1 1 2 1 2 2 1 2 2 1 2 2 1 1 2 1 1 1 2 1 2 2 2 1 1 2 1 1 1 2 1 2 2 1 2 2 1 2 2 2 1 2 2 1 2 2 1 2 2 2 1 2 2 1 2 2 1 1 1 1 2 1 2 1 1 2 1 1 2 1 1 2 1 1 1 1 1 1 1 1 1 1 1 1 2 1 1 1 1 1 1 1 1 
-----------seed: 20------------
 
-----------seed: 21------------
 1 2 1 1 1 2 1 1 2 1 1 1 1 2 1 1 1 2 2 1 1 1 1 1 1 1 1 
-----------seed: 22------------
 
-----------seed: 23------------
 
-----------seed: 24------------
 
-----------seed: 25------------
 1 2 1 1 1 2 1 1 2 2 2 1 1 2 1 1 1 2 2 2 1 2 2 1 2 2 1 2 1 1 2 1 2 1 1 2 2 1 2 2 1 1 2 1 1 1 2 2 1 2 2 2 1 2 1 2 1 1 1 1 1 1 1 1 1 1 2 1 1 2 1 1 2 1 2 2 1 2 2 1 1 2 1 1 1 2 1 2 2 1 2 1 1 2 1 1 1 2 1 2 2 1 2 2 1 2 2 1 1 1 1 1 1 1 1 1 2 1 1 2 1 1 1 2 1 1 2 2 2 1 2 2 2 1 2 1 1 1 1 1 2 1 2 2 1 2 1 1 1 1 1 1 1 2 2 1 1 2 1 1 1 2 1 2 2 1 2 2 1 2 2 1 1 1 1 1 1 1 1 1 2 1 1 1 1 1 1 1 1 2 1 1 2 1 1 1 2 1 2 2 1 2 2 1 2 2 1 1 1 1 1 1 1 1 1 2 1 1 1 1 1 1 1 1 1 1 2 1 1 2 1 1 1 1 2 2 1 2 2 1 1 2 1 1 1 2 1 2 2 1 2 2 1 1 1 1 1 1 1 1 1 1 1 1 1 1 1 1 1 1 2 1 1 2 1 1 1 1 1 2 1 2 2 1 1 2 1 1 1 2 1 2 2 1 2 2 1 1 1 1 1 1 1 1 1 1 1 1 1 1 1 1 1 1 1 1 1 1 1 1 1 1 1 1 2 1 1 1 2 1 1 2 1 2 2 1 2 2 1 2 2 1 1 1 1 1 1 2 1 2 2 1 1 1 1 1 1 1 1 1 1 1 1 1 1 1 1 1 1 1 1 1 1 1 1 1 1 1 1 1 1 2 1 1 2 1 1 2 1 2 2 1 2 2 1 1 1 1 1 1 2 1 2 2 1 1 1 1 1 1 1 1 1 1 1 1 1 1 1 1 1 1 1 1 1 1 1 1 1 1 1 1 2 1 1 1 1 1 1 1 1 2 1 1 1 2 1 1 2 1 2 2 1 2 2 1 2 2 1 1 2 1 1 1 2 1 2 2 2 2 1 1 2 1 1 1 2 1 2 2 1 2 2 1 2 2 2 1 1 1 1 1 1 1 1 2 1 1 2 1 1 1 2 1 2 2 1 2 2 1 2 2 1 1 1 1 1 1 1 1 1 2 1 2 1 1 2 1 1 1 1 2 2 1 2 2 1 1 2 1 1 1 2 1 2 2 1 2 2 1 1 1 1 1 1 1 1 1 1 1 1 2 1 1 1 1 1 2 1 2 2 1 2 2 1 1 2 2 1 2 2 1 2 2 1 1 2 2 1 2 2 1 2 2 2 1 2 2 1 2 2 1 2 2 2 1 2 2 1 2 2 1 1 2 2 1 2 2 1 2 2 2 1 2 2 1 2 2 1 2 1 1 1 1 2 1 2 2 1 1 1 1 1 1 1 1 1 1 1 1 1 1 1 1 1 1 1 1 1 1 1 1 1 1 1 1 1 1 1 1 1 1 1 1 1 1 1 2 1 1 2 1 1 1 1 2 2 1 2 2 1 1 2 1 1 1 2 1 2 2 1 2 1 1 1 1 1 1 1 1 1 1 1 1 1 1 1 1 1 1 1 1 1 1 1 1 1 1 1 1 1 1 1 1 1 1 1 1 1 1 1 1 1 1 1 1 1 1 1 1 1 1 1 1 1 1 1 1 1 1 1 1 1 1 1 1 1 2 1 1 1 2 1 1 2 1 2 2 1 2 2 1 2 1 1 1 1 1 1 1 2 1 1 1 1 1 1 1 1 1 1 1 1 1 1 1 1 1 1 1 1 1 1 1 1 1 1 1 1 1 1 1 1 1 1 1 1 1 1 1 1 1 1 1 1 1 1 1 1 1 1 1 1 1 1 1 1 1 1 1 1 1 1 1 1 1 2 1 1 1 2 1 1 2 1 2 2 1 2 2 1 2 2 1 1 1 1 1 1 2 1 2 1 1 1 1 1 1 1 1 1 1 1 1 1 1 1 1 1 1 1 1 1 1 1 1 1 1 1 1 1 1 1 1 1 1 1 1 1 1 1 1 1 1 1 1 1 1 1 1 1 1 1 1 1 1 1 1 1 1 1 1 1 1 1 1 1 2 1 1 1 1 1 1 1 2 2 1 2 2 1 1 2 2 1 2 2 1 2 2 1 2 2 2 1 2 2 1 2 2 1 1 2 2 1 2 2 1 2 2 2 1 2 2 1 2 2 1 2 2 2 1 2 2 1 2 2 1 1 2 2 1 2 2 1 2 2 2 1 2 2 1 2 2 1 2 2 2 1 2 2 1 2 2 1 1 2 2 1 2 2 1 2 2 2 1 2 2 1 2 2 1 2 2 2 1 2 2 1 2 2 1 1 2 2 1 2 2 1 2 2 2 1 2 2 1 2 2 1 2 2 2 1 2 2 1 2 2 1 1 2 2 1 2 2 1 2 2 2 1 2 2 1 2 2 1 2 2 2 1 2 2 1 2 2 1 1 2 2 1 2 2 1 2 2 2 1 2 2 1 2 2 1 2 2 2 1 2 2 1 2 2 1 1 2 2 1 2 2 1 2 2 2 1 2 2 1 2 2 1 2 1 2 2 1 2 2 2 1 2 2 1 2 2 1 2 2 1 2 2 2 1 2 2 1 2 2 1 1 2 2 1 2 2 1 2 2 1 1 1 1 1 1 2 1 2 1 2 1 2 1 1 1 1 1 2 2 1 1 2 1 1 1 2 1 2 2 1 2 2 1 2 2 1 1 1 1 1 1 1 1 1 1 1 1 1 1 1 1 1 1 1 1 1 1 1 1 1 1 1 1 1 1 1 1 1 1 1 1 1 1 1 1 1 1 1 1 1 1 1 1 1 1 1 1 1 1 1 1 1 1 1 1 1 1 1 1 1 1 1 1 1 1 1 1 1 1 1 1 1 1 1 1 1 1 1 1 1 1 1 1 1 1 1 2 1 1 2 1 2 1 1 2 2 1 2 2 1 1 2 1 1 1 2 1 2 2 1 2 2 1 1 1 1 1 1 1 1 1 1 1 1 1 1 1 1 1 1 1 1 1 1 1 1 1 1 1 1 1 1 1 1 1 1 1 1 1 1 1 1 1 1 1 1 1 1 1 1 1 1 1 1 1 1 1 1 1 1 1 1 1 1 1 1 1 1 1 1 1 1 1 1 1 1 1 1 1 1 1 1 1 1 1 1 1 1 1 1 1 1 1 1 2 1 2 1 1 1 1 1 1 2 1 1 1 2 1 1 2 1 2 2 1 2 2 1 2 2 1 1 2 1 1 1 2 1 2 1 2 2 1 1 2 1 1 1 2 1 2 2 1 2 2 1 1 1 2 1 1 1 1 1 1 1 2 2 1 1 2 1 1 1 2 1 2 2 1 2 2 1 2 1 1 1 1 1 1 1 1 1 1 1 1 2 1 1 2 1 1 1 1 2 1 2 2 1 2 1 1 1 1 1 1 1 1 1 1 1 1 1 2 1 1 1 1 1 
-----------seed: 26------------
 
-----------seed: 27------------
 1 1 2 1 1 1 2 1 1 1 2 1 1 1 2 1 1 1 1 1 1 2 1 1 1 2 1 1 1 2 1 1 2 1 1 1 1 1 2 1 1 2 1 1 2 1 1 1 1 1 1 1 1 1 1 1 1 1 1 1 1 1 1 1 1 1 2 1 1 2 1 1 1 2 1 1 1 2 1 1 1 1 1 1 1 1 2 1 1 2 1 1 1 1 1 1 1 1 1 1 1 1 1 1 1 1 1 1 1 1 1 1 1 1 1 1 1 1 1 2 1 1 1 2 1 1 1 2 2 1 2 2 1 1 2 2 1 2 2 1 2 2 1 2 2 2 1 2 2 1 2 2 1 1 2 2 1 2 2 1 2 2 2 1 2 2 1 2 2 1 2 2 2 1 2 2 1 2 2 1 1 2 2 1 2 2 1 2 2 2 1 2 2 1 2 2 1 2 2 2 1 2 2 1 2 2 1 1 2 2 1 2 2 1 2 2 1 2 2 2 1 2 2 1 2 1 2 2 1 2 2 1 2 2 1 2 1 2 1 1 2 1 2 1 1 1 1 2 1 1 1 2 1 1 1 1 1 1 1 1 1 1 1 1 1 1 1 1 1 1 1 1 1 1 1 1 1 1 1 1 1 1 1 1 1 1 1 1 
-----------seed: 28------------
 
-----------seed: 29------------
 1 1 2 1 2 1 1 1 1 1 1 2 1 1 2 1 1 1 1 2 1 1 1 2 1 1 2 1 2 1 1 2 1 1 1 2 2 1 1 1 2 1 1 2 1 2 1 1 2 1 1 1 2 1 1 1 1 2 1 1 2 1 1 1 1 1 1 1 1 1 1 1 1 1 1 1 1 1 1 1 1 1 1 1 1 1 1 1 1 1 
-----------seed: 30------------
 
-----------seed: 31------------
 
-----------seed: 32------------
 
-----------seed: 33------------
 2 1 1 1 2 1 1 1 1 1 1 1 1 1 1 2 1 1 
-----------seed: 34------------
 
-----------seed: 35------------
 2 1 1 1 2 1 1 2 1 2 1 1 2 1 1 1 2 1 1 1 1 1 1 1 1 1 1 
-----------seed: 36------------
 
-----------seed: 37------------
 1 1 2 1 1 2 1 1 1 1 1 2 1 1 2 1 1 1 1 2 1 1 1 2 1 1 1 2 1 1 1 2 1 1 1 2 2 1 1 1 2 1 1 2 1 1 1 1 1 1 1 2 1 1 1 1 1 1 1 1 1 1 1 1 1 1 1 1 1 1 1 1 2 1 1 1 2 1 1 1 1 2 1 1 1 2 1 1 2 1 1 1 1 1 1 1 1 2 1 1 1 1 1 1 1 1 1 1 1 1 1 1 1 1 1 1 1 1 1 1 1 1 1 1 1 1 1 1 2 1 1 1 1 1 1 1 1 2 1 1 2 1 1 2 1 1 2 1 1 2 1 1 1 1 1 1 1 1 1 1 1 1 1 1 1 1 1 1 1 1 1 1 1 1 1 1 1 1 1 1 1 1 1 1 1 1 1 1 1 1 1 1 1 1 1 1 1 1 1 1 1 1 1 1 1 1 1 1 1 1 2 1 1 2 1 1 1 1 1 2 1 1 2 1 1 1 1 1 2 1 1 2 1 1 1 1 2 1 1 2 1 1 1 1 1 2 1 1 2 1 1 2 1 1 1 1 1 1 1 1 1 1 1 1 1 1 1 1 1 1 1 1 1 1 1 1 1 1 1 1 1 1 1 1 1 1 1 1 1 1 1 1 1 1 1 1 1 1 1 1 1 1 1 1 1 1 1 1 1 1 1 1 1 1 1 1 1 1 1 1 1 1 1 1 1 1 1 1 1 1 1 1 1 1 1 2 1 1 1 2 1 1 1 1 2 1 1 1 2 1 1 1 1 2 1 1 2 1 1 1 1 2 1 1 1 2 1 1 1 2 1 1 1 2 1 1 1 2 1 1 1 1 2 1 1 2 1 1 1 1 1 1 1 1 1 1 1 1 1 1 1 1 1 1 1 1 1 1 1 1 1 1 1 1 1 1 1 1 1 1 1 1 1 1 1 1 1 1 1 1 1 1 1 1 1 1 1 1 1 1 1 1 1 1 1 1 1 1 1 1 1 1 1 1 1 1 1 1 1 1 1 1 1 1 1 1 1 1 1 1 1 1 1 1 1 1 1 1 1 1 1 1 1 1 1 1 1 1 1 1 1 1 1 1 1 1 1 2 1 1 1 2 1 1 2 1 2 2 3 1 2 1 2 
-----------seed: 38------------
 
-----------seed: 39------------
 1 2 1 1 2 1 1 1 2 2 1 1 1 2 1 1 2 1 2 1 1 2 1 1 2 1 1 1 1 2 1 1 1 2 1 1 1 1 2 1 1 2 1 1 1 1 1 2 1 1 2 1 1 2 1 2 1 1 2 1 1 1 2 1 1 1 2 1 1 1 2 1 1 1 2 1 1 1 2 1 1 1 1 2 1 1 1 2 1 1 1 2 1 1 1 2 1 1 2 1 2 1 1 1 2 1 1 2 2 1 1 1 2 1 1 2 1 2 1 1 1 2 1 1 2 1 2 1 1 2 1 1 1 2 1 2 1 1 2 1 1 1 2 1 1 1 1 1 1 1 1 1 1 1 1 1 1 1 1 1 1 1 1 1 1 1 1 1 1 1 1 1 1 1 1 1 1 1 1 1 1 1 1 1 1 1 1 1 1 1 1 1 1 1 1 1 1 1 2 1 1 1 2 1 1 2 1 2 1 1 1 2 1 1 2 1 2 2 1 2 2 1 2 2 1 1 2 2 1 2 2 1 2 2 2 1 2 2 1 2 2 1 2 2 2 1 2 2 1 2 2 1 1 2 2 1 2 2 1 2 2 2 1 2 2 1 2 2 1 2 2 2 1 2 2 1 2 2 1 1 2 2 1 2 2 1 2 2 2 1 2 2 1 2 2 1 2 2 2 1 2 2 1 2 2 1 1 2 2 1 2 2 1 2 2 2 1 2 2 1 2 2 1 2 2 2 1 2 2 1 2 2 1 1 2 2 1 2 2 1 2 2 2 1 2 2 1 2 2 1 2 2 2 1 2 2 1 2 2 1 1 2 2 1 2 2 1 2 2 2 1 2 2 1 2 2 1 2 2 2 1 2 2 1 2 2 1 1 2 2 1 2 2 1 2 2 2 1 2 2 1 2 2 1 2 1 2 1 2 2 1 2 2 1 1 1 1 1 1 1 1 1 1 1 1 1 1 2 1 1 1 1 1 1 1 1 1 1 1 1 1 1 1 1 1 1 1 1 1 1 1 1 1 1 1 1 1 1 1 1 1 1 1 1 1 1 1 1 1 1 1 1 1 1 1 1 1 1 1 1 1 1 1 1 1 1 1 1 1 1 1 1 1 1 1 1 1 1 1 1 1 1 1 1 
-----------seed: 40------------
 
-----------seed: 41------------
 1 2 1 1 1 1 1 1 1 2 1 1 1 2 1 1 2 1 2 1 1 2 1 1 1 2 1 1 1 1 2 1 1 2 1 1 1 1 2 1 1 1 2 1 1 1 1 2 1 1 2 1 1 1 1 2 1 1 1 2 1 1 2 1 2 1 1 2 1 1 1 2 2 1 1 1 2 1 1 2 1 2 1 1 2 1 1 1 2 1 1 1 1 2 1 1 2 1 1 1 1 2 1 1 1 2 1 1 1 1 2 1 1 2 1 1 1 1 2 1 1 1 2 1 1 2 1 2 1 1 2 1 1 1 2 2 1 1 1 2 1 1 2 1 2 1 1 2 1 1 1 2 1 1 1 1 2 1 1 2 1 1 1 1 2 1 1 1 2 1 1 1 1 2 1 1 2 1 1 1 1 2 1 1 1 2 1 1 2 1 2 1 1 2 1 1 1 2 2 1 1 1 2 1 1 2 1 1 1 1 1 1 1 1 1 1 1 1 1 1 1 1 1 1 1 1 1 1 1 1 1 1 1 1 1 1 1 1 1 1 1 1 1 1 1 1 1 1 1 1 1 1 1 1 1 1 1 1 1 1 1 1 1 1 1 1 1 1 1 1 1 1 1 1 1 1 1 1 1 1 1 1 1 1 1 1 1 1 1 1 1 1 1 1 1 1 1 1 1 1 1 1 1 1 1 1 1 1 1 1 1 1 1 1 1 1 1 1 1 1 1 1 1 1 
-----------seed: 42------------
 
-----------seed: 43------------
 
-----------seed: 44------------
 
-----------seed: 45------------
 2 1 1 2 1 1 1 2 1 
-----------seed: 46------------
 
-----------seed: 47------------
 1 1 1 2 1 1 2 1 1 1 1 2 1 1 1 2 1 1 
-----------seed: 48------------
 
-----------seed: 49------------
 
-----------seed: 50------------
 2 1 1 1 1 1 1 1 1 
-----------seed: 51------------
 
-----------seed: 52------------
 2 1 1 2 1 1 1 2 1 1 1 1 2 1 1 2 1 1 1 1 2 1 1 1 2 1 1 1 2 2 1 1 2 1 1 1 2 1 2 2 1 2 2 1 2 2 2 1 2 2 1 2 2 1 1 2 2 1 2 2 1 2 2 2 2 1 2 2 2 1 2 2 1 1 2 1 2 2 1 2 2 2 1 1 1 2 1 1 2 1 1 1 1 2 1 1 2 1 1 2 1 2 2 1 2 2 1 1 2 2 1 2 2 1 2 2 1 1 2 2 1 2 2 1 2 2 1 1 1 1 1 1 1 1 1 1 1 1 1 1 1 1 1 1 2 1 1 1 2 1 1 2 1 2 1 1 2 1 1 1 2 1 2 1 1 2 1 1 1 2 1 2 2 1 2 2 1 2 2 1 2 1 2 2 2 1 2 2 2 2 2 1 2 2 1 2 2 1 1 2 2 1 2 2 1 2 2 1 1 1 2 1 2 2 1 2 1 1 1 1 1 1 1 1 1 1 1 1 1 1 1 1 1 1 1 2 1 2 1 1 1 1 1 2 1 1 1 2 1 1 1 2 2 1 1 1 2 1 1 2 1 1 1 1 1 1 1 1 1 1 
-----------seed: 53------------
 
-----------seed: 54------------
 1 2 1 1 2 1 1 1 1 2 2 1 2 2 1 2 2 2 2 1 1 2 1 2 1 1 2 2 1 2 2 1 1 2 1 1 1 2 1 2 2 1 2 2 1 1 1 2 1 2 1 1 1 1 2 1 2 2 1 2 2 1 1 1 1 1 1 1 1 1 2 1 2 1 1 2 1 2 1 1 1 2 2 1 2 2 1 2 2 1 1 1 1 1 1 1 1 1 2 2 1 2 1 1 1 1 1 1 2 1 1 2 1 1 1 2 1 2 2 1 2 2 1 2 2 1 1 1 1 1 1 1 1 1 2 1 1 1 1 1 1 1 1 1 1 1 1 2 1 1 2 1 2 2 1 2 2 1 2 2 1 1 1 1 1 1 2 1 2 2 1 1 1 1 1 1 1 1 1 1 1 1 1 1 1 1 1 1 1 2 2 1 1 2 1 1 2 1 1 1 2 1 2 2 1 2 2 1 1 1 1 1 1 1 1 1 1 1 1 1 1 1 1 1 1 2 1 2 1 1 1 1 1 1 2 1 1 2 1 1 1 2 1 2 2 1 2 2 1 2 2 1 1 1 1 1 1 1 1 1 2 1 1 1 1 1 1 1 1 1 1 1 1 1 1 1 1 1 1 1 1 2 1 2 1 1 1 1 2 1 2 2 1 2 2 1 1 1 1 1 1 1 1 1 2 1 1 1 1 1 1 1 1 1 1 1 1 1 1 1 1 1 1 1 1 1 1 1 1 1 1 1 1 2 1 1 2 1 1 2 1 2 1 2 1 2 2 1 2 2 1 1 1 1 1 1 1 1 1 1 1 1 1 1 1 1 1 1 1 1 1 1 1 1 1 1 1 1 1 1 1 1 1 1 1 1 1 2 1 1 2 1 1 2 1 2 1 2 1 2 2 1 2 2 1 1 1 1 1 1 1 1 1 1 1 1 1 1 1 1 1 1 1 1 1 1 1 1 1 1 1 1 1 1 1 1 1 1 1 1 1 1 1 2 1 2 1 1 1 1 1 2 2 1 1 2 1 1 1 2 1 2 2 1 2 2 1 2 1 1 1 1 1 1 1 1 1 1 1 1 1 1 1 1 1 1 1 1 1 1 1 1 1 1 1 1 1 1 1 1 1 1 1 1 1 1 1 1 1 1 1 1 1 2 1 1 1 2 1 1 2 1 2 2 1 2 2 1 2 2 1 1 1 1 1 1 2 1 2 2 1 1 1 1 1 1 1 1 1 1 1 1 1 1 1 1 1 1 1 1 1 1 1 1 1 1 1 1 1 1 1 1 1 1 1 1 1 1 1 1 1 1 1 1 1 2 2 1 1 2 1 1 2 1 1 1 2 1 2 2 1 2 2 1 1 1 1 1 1 1 1 1 1 1 1 1 1 1 1 1 1 1 1 1 1 1 1 1 1 1 1 1 1 1 1 1 1 1 1 1 1 1 1 1 1 1 1 1 1 2 1 1 1 1 1 1 1 1 1 2 1 1 1 2 1 1 2 1 2 2 1 2 2 1 2 1 1 1 1 1 1 1 2 1 1 1 1 1 1 1 1 1 1 1 1 1 1 1 1 1 1 1 1 1 1 1 1 1 1 1 1 1 1 1 1 1 1 1 1 1 1 1 1 1 1 1 1 1 1 2 1 2 1 1 1 1 1 1 2 2 1 2 2 1 1 2 1 1 1 1 1 1 2 1 2 2 1 1 1 1 1 1 1 1 1 1 1 1 1 1 1 1 1 1 1 1 1 1 1 1 1 1 1 1 1 1 1 1 1 1 1 1 1 1 1 1 1 1 1 1 1 1 1 1 1 1 1 1 1 1 2 1 1 2 1 2 1 1 1 2 1 2 2 1 1 2 1 1 1 2 1 2 2 1 2 2 1 1 1 1 1 1 1 1 1 1 1 1 1 1 1 1 1 1 1 1 1 1 1 1 1 1 1 1 1 1 1 1 1 1 1 1 1 1 1 1 1 1 1 1 1 1 1 1 1 1 1 1 1 1 1 1 1 1 1 1 1 1 1 1 1 1 2 1 1 2 1 2 1 1 2 2 1 2 2 1 1 2 1 1 1 2 1 2 2 1 2 1 1 1 1 1 1 1 1 1 1 1 1 1 1 1 1 1 1 1 1 1 1 1 1 1 1 1 1 1 1 1 1 1 1 1 1 1 1 1 1 1 1 1 1 1 1 1 1 1 1 1 1 1 1 1 1 1 1 1 1 1 1 1 1 1 2 1 2 1 1 1 1 1 2 2 1 1 2 1 1 1 2 1 2 2 1 2 2 1 2 1 1 1 1 1 1 1 1 1 1 1 1 1 1 1 1 1 1 1 1 1 1 1 1 1 1 1 1 1 1 1 1 1 1 1 1 1 1 1 1 1 1 1 1 1 1 1 1 1 1 1 1 1 1 1 1 1 1 1 1 1 1 1 1 1 1 1 1 1 1 1 1 1 2 1 1 2 1 2 1 1 2 2 1 2 2 1 1 2 1 1 1 2 1 2 2 1 2 2 1 1 1 1 1 1 1 1 1 1 1 1 1 1 1 1 1 1 1 1 1 1 1 1 1 1 1 1 1 1 1 1 1 1 1 1 1 1 1 1 1 1 1 1 1 1 1 1 1 1 1 1 1 1 1 1 1 1 1 1 1 1 1 1 1 1 1 1 1 1 1 1 1 2 1 2 1 1 1 1 1 1 2 2 1 2 2 1 1 2 1 1 1 1 1 1 2 1 2 1 1 1 1 1 1 1 1 1 1 1 1 1 1 1 1 1 1 1 1 1 1 1 1 1 1 1 1 1 1 1 1 1 1 1 1 1 1 1 1 1 1 1 1 1 1 1 1 1 1 1 1 1 1 1 1 1 1 1 1 1 1 1 1 1 1 1 1 1 1 1 1 2 1 2 1 1 1 1 1 1 2 1 1 2 1 1 1 2 1 2 2 1 2 2 1 2 2 1 1 1 1 1 1 1 1 1 2 1 1 1 1 1 1 1 1 1 1 1 1 1 1 1 1 1 1 1 1 1 1 1 1 1 1 1 1 1 1 1 1 1 1 1 1 1 1 1 1 1 1 1 1 1 1 1 1 1 1 1 1 1 1 1 1 1 1 1 1 1 1 1 1 1 1 1 1 1 1 1 1 2 1 1 1 1 1 1 1 1 1 2 2 1 1 2 1 1 2 1 1 1 2 1 2 2 1 2 1 1 1 1 1 1 1 1 1 1 1 1 1 1 1 1 1 1 1 1 1 1 1 1 1 1 1 1 1 1 1 1 1 1 1 1 1 1 1 1 1 1 1 1 1 1 1 1 1 1 1 1 1 1 1 1 1 1 1 1 1 1 1 1 1 1 1 1 1 1 1 1 1 1 1 1 1 1 1 1 1 2 1 1 1 1 1 1 1 1 1 2 2 1 1 2 1 1 2 1 1 1 2 1 2 2 1 2 1 1 1 1 1 1 1 1 1 1 1 1 1 1 1 1 1 1 1 1 1 1 1 1 1 1 1 1 1 1 1 1 1 1 1 1 1 1 1 1 1 1 1 1 1 1 1 1 1 1 1 1 1 1 1 1 1 1 1 1 1 1 1 1 1 1 1 1 1 1 1 1 1 1 1 1 1 1 1 1 1 1 1 1 1 1 1 1 1 1 1 2 1 1 2 1 2 1 1 2 2 1 2 2 1 1 2 1 1 1 2 1 2 2 1 2 2 1 1 1 1 1 1 1 1 1 1 1 1 1 1 1 1 1 1 1 1 1 1 1 1 1 1 1 1 1 1 1 1 1 1 1 1 1 1 1 1 1 1 1 1 1 1 1 1 1 1 1 1 1 1 1 1 1 1 1 1 1 1 1 1 1 1 1 1 1 1 1 1 1 1 1 1 1 1 1 1 1 1 1 1 1 1 1 1 1 1 1 2 1 1 1 1 1 1 1 2 1 2 2 1 1 2 1 1 1 1 1 1 2 1 2 2 1 1 1 1 1 1 1 1 1 1 1 1 1 1 1 1 1 1 1 1 1 1 1 1 1 1 1 1 1 1 1 1 1 1 1 1 1 1 1 1 1 1 1 1 1 1 1 1 1 1 1 1 1 1 1 1 1 1 1 1 1 1 1 1 1 1 1 1 1 1 1 1 1 1 1 1 1 1 1 1 1 1 1 1 1 1 1 1 1 1 1 1 1 1 1 1 1 1 1 1 2 1 1 2 1 1 2 1 2 1 2 1 2 2 1 2 2 1 1 1 1 1 1 1 1 1 1 1 1 1 1 1 1 1 1 1 1 1 1 1 1 1 1 1 1 1 1 1 1 1 1 1 1 1 1 1 1 1 1 1 1 1 1 1 1 1 1 1 1 1 1 1 1 1 1 1 1 1 1 1 1 1 1 1 1 1 1 1 1 1 1 1 1 1 1 1 1 1 1 1 1 1 1 1 1 1 1 1 1 1 1 1 1 1 1 1 1 1 2 1 1 1 1 1 1 1 2 1 2 2 1 1 2 1 1 1 1 1 1 2 1 2 2 1 1 1 1 1 1 1 1 1 1 1 1 1 1 1 1 1 1 1 1 1 1 1 1 1 1 1 1 1 1 1 1 1 1 1 1 1 1 1 1 1 1 1 1 1 1 1 1 1 1 1 1 1 1 1 1 1 1 1 1 1 1 1 1 1 1 1 1 1 1 1 1 1 1 1 1 1 1 1 1 1 1 1 1 1 1 1 1 1 1 1 1 1 1 1 1 1 1 1 1 2 1 1 1 1 1 1 1 1 2 2 1 1 1 2 1 1 2 2 1 2 2 1 2 2 1 2 1 1 1 1 1 1 1 1 1 1 1 1 1 1 1 1 1 1 1 1 1 1 1 1 1 1 1 1 1 1 1 1 1 1 1 1 1 1 1 1 1 1 1 1 1 1 1 1 1 1 1 1 1 1 1 1 1 1 1 1 1 1 1 1 1 1 1 1 1 1 1 1 1 1 1 1 1 1 1 1 1 1 1 1 1 1 1 1 1 1 1 1 1 1 1 1 1 1 1 1 1 1 1 1 1 1 1 1 2 1 2 1 1 1 1 1 1 
-----------seed: 55------------
 
-----------seed: 56------------
 1 1 1 2 1 1 1 2 1 1 2 1 1 1 2 1 1 1 1 1 1 1 1 1 1 1 2 1 1 1 1 2 1 2 1 1 1 2 1 1 1 1 1 1 1 1 1 1 1 1 1 1 1 1 1 1 1 2 1 2 1 1 1 1 1 1 1 1 1 1 1 1 1 1 1 1 1 1 2 1 2 2 1 1 1 1 1 1 1 1 1 1 1 1 1 1 1 1 2 1 2 1 1 1 1 1 1 1 1 1 1 1 1 1 1 1 1 1 2 1 1 1 1 1 1 1 1 1 1 1 1 1 1 1 1 2 1 1 1 1 1 1 1 1 1 1 1 1 1 1 1 1 2 1 1 1 1 1 1 1 1 1 1 1 1 1 1 1 2 1 2 1 1 1 1 1 1 1 1 1 1 1 1 2 1 2 1 1 1 1 1 1 1 1 1 1 1 1 1 2 1 1 1 1 1 1 1 1 1 1 1 1 1 1 1 1 1 1 1 1 1 1 1 1 1 2 1 1 1 2 1 2 1 1 2 1 2 1 2 1 2 1 2 2 1 2 1 2 1 2 1 2 2 1 2 1 2 1 2 1 2 2 1 2 1 2 1 2 1 2 1 1 1 1 1 1 1 1 1 1 1 1 1 1 1 1 1 1 
-----------seed: 57------------
 
-----------seed: 58------------
 1 1 2 1 1 1 2 1 2 1 1 2 1 1 2 1 1 1 1 1 2 1 1 2 1 1 2 1 2 1 1 1 2 1 1 2 1 1 2 1 1 2 1 1 2 1 2 1 1 1 2 1 1 2 1 2 1 1 1 2 1 1 2 1 1 1 1 1 1 1 1 2 1 1 1 1 1 1 1 1 1 1 1 1 1 1 1 1 1 1 1 1 1 1 1 1 1 1 1 1 1 1 1 1 1 1 1 1 
-----------seed: 59------------
 
-----------seed: 60------------
 2 1 1 2 1 1 1 2 1 1 1 1 2 1 1 2 1 1 2 1 1 1 1 1 1 1 1 1 2 1 1 2 1 1 1 2 2 1 1 1 2 1 1 2 1 1 1 1 2 1 1 1 2 1 1 1 2 1 1 1 2 1 1 1 1 2 1 1 2 1 1 1 1 1 2 1 1 1 2 1 1 1 1 2 1 1 2 1 1 1 
-----------seed: 61------------
 
-----------seed: 62------------
 1 2 1 1 1 2 1 1 1 1 1 1 2 1 1 1 2 1 1 2 1 1 1 2 1 1 1 1 1 1 2 1 1 1 2 1 1 2 1 1 1 2 1 1 1 1 1 1 2 1 1 1 2 1 1 1 1 1 1 2 1 1 1 1 1 1 1 1 1 1 1 1 
-----------seed: 63------------
 
-----------seed: 64------------
 2 1 1 2 1 2 1 1 1 1 2 1 1 2 1 1 2 1 
-----------seed: 65------------
 
-----------seed: 66------------
 1 2 1 1 2 1 1 1 2 1 1 2 1 1 2 1 1 2 1 1 2 1 1 2 1 1 2 1 2 1 1 2 1 1 1 2 2 1 1 2 1 1 1 2 1 1 1 1 1 1 1 1 2 1 1 1 1 1 1 1 1 1 1 1 1 1 1 1 1 1 1 1 1 1 2 1 1 1 1 1 1 1 1 2 1 1 2 1 1 1 1 1 2 1 1 2 1 1 1 1 1 2 1 1 2 1 1 2 1 1 2 1 1 2 1 1 2 1 1 2 1 1 2 1 1 2 1 1 1 1 1 2 1 1 2 1 1 1 1 1 1 1 1 1 1 1 1 1 1 1 1 1 1 1 1 1 1 1 1 1 1 1 1 1 1 1 1 1 1 1 1 1 1 1 1 1 1 1 1 1 1 1 1 1 1 1 1 1 1 2 1 1 1 1 1 1 1 1 1 1 2 1 1 1 2 1 1 1 1 2 1 1 1 2 1 1 1 2 1 1 1 2 1 1 2 1 2 1 1 2 1 1 2 1 1 1 1 1 1 1 1 1 1 1 1 1 1 1 1 1 1 1 1 1 1 1 1 1 1 1 1 1 1 1 1 1 1 1 1 1 1 1 1 1 1 1 1 1 1 1 1 1 1 1 1 1 1 1 1 1 1 1 1 1 1 1 1 1 1 1 1 1 1 1 1 1 1 1 1 1 1 1 1 1 1 1 2 1 1 2 1 1 1 1 2 1 1 2 1 1 1 2 1 2 1 1 2 1 1 1 2 1 1 1 1 1 1 1 1 1 1 1 1 1 1 1 1 1 1 1 1 1 1 1 1 1 1 1 1 1 1 1 1 1 1 1 1 1 1 1 1 1 1 1 1 1 1 1 1 1 1 1 1 1 1 1 1 1 1 1 1 1 1 1 1 1 1 1 1 1 1 1 1 1 1 1 1 1 1 1 1 1 1 1 1 1 1 1 1 1 1 1 1 1 1 1 1 1 1 1 1 2 1 1 2 1 1 1 2 1 2 1 1 2 1 1 1 2 1 1 1 1 2 1 1 1 2 1 
-----------seed: 67------------
 
-----------seed: 68------------
 1 1 2 1 1 1 2 1 1 
-----------seed: 69------------
 
-----------seed: 70------------
 1 2 1 1 2 1 1 1 2 2 1 1 1 2 1 1 2 1 2 1 1 2 1 1 1 2 1 1 1 1 2 1 1 2 1 1 1 1 2 1 1 1 2 1 1 1 1 2 1 1 2 1 1 1 1 2 1 1 1 2 1 1 2 1 1 1 1 1 1 1 1 2 1 1 1 1 1 1 1 1 1 1 1 1 1 1 1 1 1 1 1 1 1 1 1 1 1 1 1 
-----------seed: 71------------
 
-----------seed: 72------------
 2 1 2 1 1 1 1 1 1 
-----------seed: 73------------
 
-----------seed: 74------------
 2 1 1 2 1 1 1 2 1 1 1 1 2 1 1 2 1 1 1 1 2 1 1 1 2 1 1 1 1 1 1 1 1 1 1 1 
-----------seed: 75------------
 
-----------seed: 76------------
 2 1 1 2 1 1 2 1 1 1 1 1 2 1 1 2 1 1 3 1 2 2 3 2 3 1 1 3 1 2 2 3 3 1 2 2 1 2 2 2 3 3 1 2 2 2 3 3 1 2 2 3 2 3 2 3 3 1 2 2 3 3 1 2 3 3 1 2 2 3 3 1 2 1 2 2 1 2 3 3 1 1 1 1 1 1 1 1 1 1 
-----------seed: 77------------
 
-----------seed: 78------------
 2 1 1 1 2 1 2 1 1 1 2 1 2 1 1 1 1 1 1 1 1 1 2 1 1 2 1 1 2 1 1 1 1 1 1 1 1 1 1 1 1 1 1 1 1 1 1 2 1 2 1 1 1 1 1 1 1 1 1 1 1 1 1 1 1 2 1 2 1 1 1 1 1 1 1 1 1 1 1 1 1 1 2 1 1 1 1 1 1 1 2 1 2 1 2 1 2 1 1 2 1 2 1 2 1 2 1 2 2 1 2 1 2 1 2 1 2 2 1 2 1 2 1 2 1 2 1 1 1 1 2 1 2 1 2 1 1 1 1 1 1 1 1 1 1 2 1 1 1 1 1 1 1 
-----------seed: 79------------
 
-----------seed: 80------------
 
-----------seed: 81------------
 
-----------seed: 82------------
 1 1 2 1 1 1 2 1 1 
-----------seed: 83------------
 
-----------seed: 84------------
 1 2 1 1 1 2 1 1 2 1 2 1 1 2 1 1 1 2 2 1 1 1 2 1 1 2 1 2 1 1 2 1 1 2 1 1 1 1 2 1 1 1 2 1 1 1 1 2 1 1 2 1 1 1 1 1 1 1 1 1 1 1 1 1 2 1 1 1 1 1 1 1 1 2 1 1 2 1 1 1 2 2 1 1 1 2 1 1 1 2 2 1 1 2 1 1 1 2 1 2 1 1 2 1 1 1 2 1 1 1 1 2 1 1 2 1 1 1 1 1 2 1 1 2 1 1 1 1 2 1 1 2 1 1 1 1 1 2 1 1 2 1 1 2 1 2 1 1 2 1 1 1 2 1 2 1 1 2 1 1 1 2 2 1 1 1 2 1 1 2 1 2 1 1 1 2 1 1 2 1 1 1 1 2 1 1 2 1 1 1 1 1 2 1 1 2 1 1 1 1 2 1 1 1 2 1 1 1 1 2 1 1 1 2 1 1 1 1 1 1 1 1 1 1 1 1 1 1 1 1 1 1 1 1 1 1 1 1 1 1 1 1 1 1 1 1 1 1 1 1 1 1 1 1 1 1 1 1 1 1 1 1 1 1 1 1 1 1 1 1 1 1 1 1 1 1 1 1 1 1 1 1 1 1 1 1 1 1 1 1 1 1 1 1 1 1 1 2 1 2 1 2 1 1 1 1 
-----------seed: 85------------
 
-----------seed: 86------------
 1 1 1 2 1 1 2 1 1 1 1 1 2 1 1 2 1 1 1 2 1 1 1 2 1 1 1 2 1 1 1 2 1 1 2 1 2 2 2 2 1 1 2 1 1 2 1 2 2 2 1 2 2 2 2 2 2 2 1 2 2 2 1 2 1 2 2 2 1 2 2 2 2 2 1 2 2 1 2 2 1 2 1 1 1 1 1 1 1 2 1 2 2 2 3 2 3 3 1 3 3 1 2 2 2 3 2 3 3 2 3 3 1 2 2 2 3 2 2 3 2 3 3 1 2 2 3 3 1 2 2 3 2 3 3 3 1 2 2 2 3 3 1 2 2 3 3 1 2 2 2 3 2 2 2 3 2 3 3 1 2 2 2 2 3 3 1 2 2 3 3 2 2 3 3 1 2 2 3 3 2 3 3 1 2 2 2 3 3 2 3 2 3 3 1 2 2 2 3 1 2 2 3 2 3 3 1 2 2 1 2 3 3 1 2 2 1 1 1 1 1 1 1 1 2 1 1 1 1 1 1 1 1 1 
-----------seed: 87------------
 
-----------seed: 88------------
 2 1 1 2 1 2 1 1 1 2 1 1 2 1 1 1 2 1 2 1 1 1 2 1 1 2 1 2 2 2 2 1 1 2 1 1 2 1 2 2 2 1 2 2 2 1 1 1 1 2 1 2 2 1 2 1 1 2 1 1 1 2 1 1 1 1 2 1 1 2 1 1 1 1 2 1 1 2 1 1 1 1 2 1 1 2 1 1 1 2 2 2 2 2 1 2 2 2 2 2 2 2 2 1 2 2 2 2 2 1 2 2 2 1 2 2 2 2 2 2 2 1 2 2 2 1 2 1 2 2 2 1 2 2 2 2 2 2 2 1 2 2 2 1 2 1 2 2 2 1 2 2 2 2 2 1 2 2 2 2 1 2 1 2 2 2 1 2 2 2 1 2 1 2 2 2 1 2 2 2 2 1 2 2 1 2 2 1 2 2 2 1 2 2 2 2 1 2 1 1 1 1 2 1 2 2 1 2 2 1 2 2 2 2 1 1 2 2 1 2 2 2 2 1 2 2 2 1 2 2 2 2 1 2 2 2 1 2 2 2 2 1 2 2 1 2 2 1 2 2 2 1 2 2 1 2 2 2 2 1 2 2 1 2 2 1 2 2 2 1 2 2 1 2 2 2 2 1 2 1 2 2 2 1 2 2 2 1 2 1 2 2 2 1 2 2 2 2 2 2 1 2 2 2 1 2 1 2 2 2 1 2 2 2 1 1 2 2 2 1 2 2 1 2 2 1 2 2 2 1 2 2 2 2 1 2 2 1 2 2 1 2 1 1 2 1 1 1 2 1 1 1 2 1 1 1 2 1 1 2 2 1 1 1 2 1 1 2 1 2 3 2 3 3 1 1 2 1 2 2 2 3 2 3 3 1 2 3 1 2 2 2 3 2 3 3 2 3 3 1 2 2 2 3 2 2 2 3 2 3 3 1 2 2 2 3 3 1 2 2 2 3 3 2 3 2 3 3 1 2 2 2 3 1 2 2 3 2 3 3 1 1 2 2 2 3 3 1 2 2 3 3 1 2 2 2 3 2 3 2 3 2 3 3 1 2 2 3 2 3 3 1 2 2 3 3 1 2 2 2 3 2 3 3 1 2 3 1 2 2 2 3 2 3 3 2 3 3 1 2 2 2 3 2 2 3 2 3 3 1 2 2 2 2 2 2 3 2 3 3 1 2 3 1 2 2 2 3 2 3 3 3 2 3 3 1 2 2 3 2 3 3 1 2 2 3 3 1 2 2 2 3 2 3 3 1 2 2 3 1 2 2 3 2 3 3 1 2 2 3 3 1 2 2 3 2 2 3 3 1 2 2 2 3 3 2 3 2 3 3 1 2 2 2 3 1 2 2 3 2 3 3 1 2 3 2 3 3 1 2 2 2 1 2 2 3 2 3 3 1 2 2 3 3 1 2 2 3 2 3 2 2 2 3 2 3 3 1 2 3 3 1 2 2 3 2 3 3 1 2 2 3 3 1 2 2 3 2 2 2 3 3 1 2 2 3 3 1 2 2 2 3 2 3 3 3 2 3 3 1 2 2 3 2 3 3 1 2 2 3 3 1 2 3 3 1 2 2 3 3 1 2 1 1 1 1 2 1 2 2 1 1 1 1 1 1 1 1 1 1 1 1 1 1 1 1 1 1 1 1 1 1 1 1 1 1 1 1 1 1 1 1 1 1 1 1 1 1 1 1 1 1 1 1 1 1 
-----------seed: 89------------
 
-----------seed: 90------------
 
-----------seed: 91------------
 
-----------seed: 92------------
 1 1 2 1 1 1 2 1 2 1 1 1 1 1 1 2 1 1 2 1 1 1 2 1 1 2 1 1 1 1 2 1 1 2 1 1 1 2 1 1 1 2 1 1 1 1 2 1 1 2 1 1 1 2 1 1 1 1 2 1 1 2 1 1 1 1 1 1 1 1 1 1 1 1 1 1 1 1 1 1 1 1 1 2 1 1 1 1 1 1 1 2 1 1 2 1 1 1 2 2 1 1 2 1 1 1 2 1 1 1 2 1 1 1 2 1 1 1 1 1 1 1 2 1 1 2 1 1 1 1 1 1 1 1 1 1 1 1 1 1 1 1 1 1 1 1 1 1 1 1 1 1 1 1 1 1 1 1 1 1 1 1 1 1 2 1 1 1 2 1 1 2 1 1 1 2 1 1 1 2 2 1 1 2 1 1 1 2 1 1 1 2 1 1 1 2 1 1 1 2 1 1 1 2 1 1 1 1 1 1 1 2 1 1 2 1 1 1 1 1 1 1 1 1 1 1 1 1 1 1 1 1 1 1 1 1 1 1 1 1 1 1 1 1 1 1 1 1 1 1 1 1 1 1 1 1 1 1 1 1 1 1 1 1 1 1 1 1 1 1 1 1 2 1 1 1 1 1 1 1 2 1 1 2 1 1 1 2 1 1 1 1 1 1 1 1 1 1 1 1 1 1 1 1 1 1 1 1 1 1 1 1 1 1 1 1 1 1 1 1 1 1 1 1 1 1 1 1 1 1 1 1 1 1 1 1 1 1 1 1 1 1 1 1 1 1 1 1 1 1 1 2 1 1 2 1 1 1 1 1 1 1 1 1 1 1 2 1 1 1 1 1 1 1 1 1 1 1 1 1 1 1 1 1 1 1 1 1 1 1 1 1 1 1 1 1 1 1 1 1 1 1 1 1 1 1 1 1 1 1 1 1 1 1 1 1 1 1 1 1 1 1 1 1 1 1 1 1 1 1 1 1 1 1 2 1 1 1 1 1 1 1 2 1 1 2 1 1 1 2 1 1 1 2 1 1 1 2 1 1 1 2 1 1 2 1 1 1 1 2 1 1 1 2 1 1 2 2 1 1 2 1 1 1 2 1 1 1 1 1 1 1 1 2 1 1 1 1 1 1 1 1 1 1 1 1 1 1 1 1 1 1 1 1 1 1 1 1 1 1 1 1 1 1 1 1 1 1 1 1 1 1 1 1 1 1 1 1 1 1 1 1 1 1 1 1 1 1 1 1 1 1 1 1 1 1 1 1 1 1 1 1 1 1 1 1 1 1 1 1 1 1 1 1 1 1 1 1 1 1 1 1 1 1 1 1 1 2 1 1 1 2 1 1 1 1 1 1 1 2 1 1 2 1 1 1 1 1 1 1 1 1 1 1 1 1 1 1 1 1 1 1 1 1 1 1 1 1 1 1 1 1 1 1 1 1 1 1 1 1 1 1 1 1 1 1 1 1 1 1 1 1 1 1 1 1 1 1 1 1 1 1 1 1 1 1 1 1 1 1 1 1 1 1 1 1 1 1 1 1 1 1 1 1 1 1 1 1 1 1 1 1 1 1 1 1 1 1 1 1 1 1 2 1 1 1 2 1 1 1 2 2 1 1 1 2 1 1 2 1 
-----------seed: 93------------
 
-----------seed: 94------------
 2 1 1 1 2 1 1 2 1 1 2 1 1 2 1 1 2 1 2 2 1 2 2 2 1 2 1 2 1 1 1 2 1 2 2 1 2 1 2 2 2 1 2 1 1 2 2 2 1 2 2 2 1 2 2 2 1 2 2 1 2 2 2 1 2 1 1 2 1 1 1 2 1 1 2 1 2 2 1 2 2 2 1 1 1 1 1 1 1 1 1 2 1 1 2 1 1 2 1 2 2 2 1 2 1 1 1 2 1 2 1 2 2 1 2 2 2 2 2 2 1 2 1 1 2 1 1 1 1 1 1 2 1 2 2 1 2 1 1 2 1 1 2 1 2 2 1 2 2 2 1 2 1 2 1 1 1 2 1 2 2 1 2 2 1 2 2 2 1 2 1 2 1 1 1 1 1 1 1 2 2 2 1 2 1 1 1 2 1 2 1 2 2 1 2 2 2 1 1 1 1 1 1 1 1 1 1 2 1 2 1 1 2 1 1 1 2 1 2 2 2 2 1 2 2 2 2 1 2 2 2 1 2 2 1 2 2 2 1 2 2 2 1 2 2 2 1 2 2 1 2 2 2 1 2 2 2 1 2 2 2 2 2 2 1 2 2 2 1 2 1 1 2 1 2 2 1 2 2 1 2 1 1 1 1 1 1 1 1 2 2 1 2 2 2 1 2 1 1 1 1 1 1 1 1 1 1 1 1 1 1 1 1 1 1 2 1 1 1 1 1 1 1 1 2 1 1 1 2 1 1 2 1 2 1 2 2 2 1 2 2 2 2 2 1 2 1 1 1 2 1 2 2 1 2 2 2 2 1 2 2 1 2 2 1 2 2 2 1 1 1 1 1 1 1 1 2 1 1 1 1 1 1 1 1 1 1 1 1 1 1 1 1 1 1 1 1 1 2 1 1 2 1 1 1 1 1 1 2 1 1 2 1 1 1 2 2 2 1 2 2 2 1 1 1 2 1 1 1 2 1 2 2 2 2 1 2 2 2 1 2 2 1 2 2 2 1 2 2 2 2 1 2 2 1 2 2 1 2 2 2 1 2 1 1 2 1 1 1 1 1 1 2 1 2 2 1 1 1 2 1 1 1 1 1 1 2 1 2 1 1 1 2 1 1 1 2 2 1 2 2 2 1 2 2 1 2 1 1 2 1 1 1 1 1 1 2 1 2 2 1 2 1 1 2 1 1 2 1 1 1 2 2 2 1 2 2 2 1 2 1 1 1 1 1 2 1 2 2 2 1 1 1 2 1 1 1 1 2 1 2 2 2 1 2 2 2 2 2 2 1 2 2 2 1 2 2 2 1 2 2 2 1 2 2 1 2 2 2 1 2 2 2 1 2 2 1 2 2 2 1 2 2 1 1 1 1 1 2 1 2 2 2 1 1 1 1 1 1 1 1 2 2 1 2 2 2 1 2 1 1 1 1 1 1 1 1 1 2 1 1 1 1 1 1 1 1 1 1 1 1 1 1 1 1 1 1 1 1 2 1 1 2 1 1 2 2 1 2 1 1 1 2 1 1 1 2 2 1 2 2 2 1 2 2 1 2 1 1 2 1 1 1 1 1 1 2 1 2 2 1 2 1 1 2 1 1 2 1 1 1 2 2 2 1 2 2 2 1 2 1 1 1 1 1 2 1 2 2 1 2 1 1 2 1 1 1 1 1 1 2 1 2 2 1 2 2 1 1 1 1 1 1 1 1 1 2 1 2 2 2 2 1 2 1 2 2 1 2 2 2 1 2 2 1 2 2 2 1 2 2 2 1 2 2 2 1 2 2 1 2 2 2 1 2 2 2 1 2 2 2 2 2 2 1 2 2 2 1 2 1 1 2 1 2 2 1 2 2 2 2 2 1 2 1 1 1 2 2 1 2 2 2 1 2 2 2 2 1 2 2 2 2 1 2 2 2 2 2 1 2 2 2 1 2 2 1 2 2 2 1 2 2 2 1 2 2 2 1 2 2 2 1 2 2 1 2 2 2 1 2 2 2 1 2 2 1 2 2 2 1 2 1 1 1 2 1 2 2 1 2 1 2 2 2 1 2 1 1 2 2 2 1 2 2 2 1 2 2 1 2 2 2 1 2 2 2 2 1 2 2 2 2 1 2 2 2 2 2 1 2 2 2 1 2 2 1 2 2 2 1 2 2 2 1 2 2 2 1 2 2 2 1 2 2 1 2 2 2 1 2 2 2 1 2 2 1 2 2 2 1 1 2 1 2 2 1 2 2 1 1 1 1 1 1 1 1 1 1 1 1 1 1 1 1 1 1 1 1 1 1 1 1 1 1 1 1 2 2 2 1 2 1 1 1 2 2 1 2 2 2 1 2 2 2 2 2 2 1 2 2 2 1 2 2 1 2 2 2 1 2 2 2 2 2 1 2 2 2 2 1 2 2 2 2 1 2 2 2 1 2 2 1 2 2 2 1 2 2 2 1 2 2 2 1 2 2 1 2 2 2 1 2 2 2 1 2 2 1 2 2 2 1 2 2 2 1 2 1 2 2 1 2 2 1 2 1 2 2 2 1 2 2 2 1 2 2 1 2 2 2 1 2 2 1 2 2 2 1 2 2 2 1 2 2 1 2 2 2 1 2 2 2 1 2 2 2 1 2 2 2 2 2 2 1 2 2 2 1 2 2 2 1 2 2 1 2 2 2 2 1 2 2 2 1 2 2 2 2 2 2 1 2 2 2 1 2 2 1 2 2 2 1 2 2 2 1 2 2 1 2 2 2 1 2 1 1 1 2 1 2 2 1 2 1 2 2 2 1 2 1 1 1 2 2 1 2 2 2 1 2 2 1 2 2 2 1 2 2 2 1 2 2 1 2 2 2 1 2 2 1 2 2 2 1 2 2 2 1 2 1 2 2 2 2 1 2 2 2 2 1 2 2 2 1 2 2 1 2 2 2 1 2 2 2 1 2 2 2 1 2 2 1 2 2 2 1 2 2 2 1 2 2 2 2 2 2 1 2 2 2 1 2 1 2 2 1 2 2 1 2 2 2 2 2 1 2 2 2 1 2 2 1 2 2 2 1 2 2 2 2 2 2 1 2 2 2 1 2 2 1 2 2 2 1 2 2 2 1 2 2 2 1 2 2 2 1 2 2 1 2 2 2 1 2 2 2 1 2 2 1 2 2 2 1 1 2 2 2 1 2 2 2 1 2 2 1 2 2 2 1 2 2 1 2 2 2 1 2 2 2 1 2 2 1 2 2 2 1 2 2 1 2 2 1 2 2 1 2 2 1 1 1 1 1 1 1 1 1 1 1 1 1 1 1 1 1 1 1 1 1 1 1 1 1 1 1 2 1 1 1 1 1 1 1 1 2 1 2 2 2 1 2 1 1 2 2 2 1 2 2 2 1 2 2 1 2 2 2 1 2 2 2 2 2 2 1 2 2 2 1 2 2 1 2 2 2 1 2 2 2 2 2 2 1 2 2 2 1 2 1 2 2 2 2 1 2 2 2 2 1 2 2 2 1 2 2 2 2 2 2 1 2 2 2 1 2 2 2 1 2 2 1 2 2 2 1 2 2 2 1 2 2 2 1 2 2 1 2 2 2 1 2 2 2 2 1 2 2 1 2 2 1 2 2 1 2 2 2 1 2 2 1 2 2 2 1 2 2 2 1 2 2 1 2 2 2 1 2 2 1 2 2 2 1 2 2 2 1 2 2 2 1 2 2 2 1 2 2 1 2 2 2 1 2 2 2 1 2 2 1 2 2 2 1 2 2 2 2 1 2 2 2 1 2 2 1 2 2 2 1 2 2 2 2 2 2 1 2 2 2 1 2 2 1 2 2 2 1 2 2 2 2 2 1 2 2 1 2 2 1 1 2 2 2 2 1 2 2 2 2 1 2 2 2 1 2 2 2 2 1 2 2 1 2 2 1 2 2 2 2 1 2 2 2 1 2 1 2 2 2 2 1 2 2 2 1 2 2 2 2 1 2 2 2 2 2 1 2 2 2 1 2 2 1 2 2 2 1 2 2 2 1 2 2 2 1 2 2 2 1 2 2 1 2 2 2 1 2 2 2 1 2 2 1 2 2 2 1 2 2 2 2 1 2 2 2 1 2 2 1 2 2 2 1 2 2 2 1 2 2 1 2 2 2 1 2 1 1 2 1 1 1 2 1 2 2 2 2 1 2 2 2 1 2 2 1 2 2 2 1 2 2 2 2 2 2 1 2 2 2 1 2 2 1 2 2 2 1 2 2 2 2 2 2 1 2 2 2 1 2 2 1 2 2 2 1 2 2 2 2 2 2 1 2 2 2 1 2 1 2 2 2 2 1 2 2 2 2 1 2 2 2 1 2 2 2 2 2 2 1 2 2 2 1 2 2 2 1 2 2 1 2 2 2 1 2 2 2 1 2 2 2 1 2 2 1 2 2 2 1 2 2 2 2 1 2 2 1 2 2 1 2 2 1 2 2 2 1 2 2 1 2 2 2 1 2 2 2 1 2 2 1 2 2 2 1 2 2 1 2 2 2 1 2 2 2 1 2 2 2 1 2 2 2 1 2 2 1 2 2 2 1 2 2 2 1 2 2 1 2 2 2 1 2 2 2 2 1 2 2 2 1 2 2 1 2 2 2 1 2 2 2 2 2 2 1 2 2 2 1 2 2 1 2 2 2 1 2 2 2 2 2 1 2 2 1 2 2 1 1 2 2 2 2 1 2 2 2 2 1 2 2 2 1 2 2 2 2 1 2 2 1 2 2 1 2 2 2 2 1 2 2 2 1 2 1 2 2 2 2 1 2 2 2 1 2 2 2 2 1 2 2 2 2 2 1 2 2 2 1 2 2 1 2 2 2 1 2 2 2 1 2 2 2 1 2 2 2 1 2 2 1 2 2 2 1 2 2 2 1 2 2 1 2 2 2 1 2 2 2 2 1 2 2 2 1 2 2 1 2 2 2 1 2 2 2 1 2 2 1 2 2 2 1 2 1 1 1 2 1 2 2 1 2 1 2 2 2 1 2 1 1 1 2 2 1 2 2 2 1 2 2 1 2 2 2 1 2 2 2 1 2 2 1 2 2 2 1 2 2 1 2 2 2 1 2 2 2 1 2 2 1 2 2 2 1 2 2 1 2 2 2 1 2 2 2 1 2 2 1 2 2 2 1 2 2 1 2 2 2 1 2 2 2 1 1 2 2 2 2 1 2 2 2 2 2 1 2 2 2 1 2 2 1 2 2 2 1 2 2 2 1 2 2 2 1 2 2 2 1 2 2 1 2 2 2 1 2 2 2 1 2 2 1 2 2 2 1 2 2 1 2 2 1 2 2 1 2 2 2 2 1 2 2 2 1 2 2 1 2 2 2 1 2 2 2 2 2 2 1 2 2 2 1 2 2 2 1 2 2 1 2 2 2 1 2 2 2 1 2 2 2 1 2 2 1 2 2 2 1 2 2 2 2 1 2 2 1 2 2 1 1 2 2 2 1 2 2 2 1 2 2 1 2 2 2 1 2 2 1 2 2 2 1 2 2 2 1 1 2 2 1 2 2 1 2 2 1 2 2 2 1 2 2 1 2 1 2 2 2 2 1 2 2 2 2 2 1 2 2 2 1 2 2 2 2 1 2 2 2 1 2 2 1 2 2 2 1 2 2 2 1 1 2 2 2 2 1 2 2 2 2 1 2 2 2 1 2 2 2 2 2 2 1 2 2 2 1 2 2 2 1 2 2 1 2 2 2 1 2 2 2 1 2 2 2 1 2 2 1 2 2 2 1 2 2 2 2 1 2 2 1 2 2 1 1 2 2 2 1 2 2 2 1 2 2 1 2 2 2 1 2 2 2 2 1 2 2 1 2 2 1 1 1 1 1 1 2 1 2 2 2 1 1 1 1 1 1 1 1 1 1 1 1 1 1 1 1 1 1 1 1 1 1 1 1 1 1 1 1 1 1 1 1 1 1 1 1 1 1 1 1 1 1 1 1 1 1 1 1 1 1 1 1 1 1 1 1 1 1 1 1 1 1 1 1 1 1 1 1 1 1 1 1 1 1 1 1 1 1 1 1 1 1 1 1 1 1 1 1 1 1 1 1 1 1 1 1 1 1 1 1 1 1 1 1 1 1 1 1 1 1 1 1 1 1 1 1 
-----------seed: 95------------
 
-----------seed: 96------------
 2 1 1 1 2 1 1 1 1 1 1 2 1 2 1 1 1 2 2 1 2 1 1 1 2 1 2 2 1 1 1 2 1 2 1 1 1 1 2 1 2 1 1 1 2 2 1 2 1 1 1 2 1 2 2 1 1 1 2 1 2 1 1 1 1 2 1 2 1 1 1 2 2 1 2 1 1 1 2 1 2 2 1 1 1 2 1 2 1 1 1 1 1 1 1 1 1 1 1 1 1 1 1 1 1 1 1 1 1 1 1 1 1 1 1 1 1 1 1 1 1 1 1 1 1 1 2 1 1 1 1 1 1 1 1 
-----------seed: 97------------
 
-----------seed: 98------------
 1 2 1 1 1 2 1 1 2 2 1 1 1 2 1 1 2 1 1 1 1 2 1 1 1 2 1 1 1 2 1 1 1 2 1 1 1 2 1 1 1 2 1 1 1 1 2 1 1 1 2 1 1 1 2 1 1 1 2 1 1 1 2 2 2 2 1 2 2 2 2 1 2 2 1 2 2 1 2 2 2 2 2 2 1 2 2 2 2 1 2 2 1 2 2 1 2 2 2 1 2 2 2 1 2 2 2 1 2 2 2 1 2 2 2 1 2 1 2 2 2 1 2 2 2 1 2 1 2 2 2 2 1 2 2 1 2 2 1 2 2 2 1 2 1 1 1 1 1 1 2 1 2 1 1 1 1 1 1 2 1 1 1 1 1 1 1 1 1 1 1 1 1 1 1 1 1 1 1 1 
-----------seed: 99------------
 
-----------seed: 100------------
 2 1 1 1 1 1 1 1 1 2 1 1 2 1 1 1 2 1 1 1 1 1 1 1 1 1 1 
-----------seed: 101------------
 
-----------seed: 102------------
 1 2 1 1 1 2 1 2 1 1 1 1 1 1 1 1 1 2 2 1 1 2 1 1 1 2 1 1 1 1 1 1 1 1 1 1 1 1 1 1 2 1 2 1 1 1 1 1 1 1 1 1 1 1 1 1 1 1 2 1 1 2 1 1 1 1 1 1 1 1 1 1 1 1 1 2 1 2 1 1 1 1 1 1 1 1 1 1 1 1 1 2 1 2 1 1 1 1 1 1 2 1 2 1 2 1 2 1 1 2 1 2 1 2 1 2 1 1 2 1 2 1 2 1 2 1 1 1 1 2 1 2 1 2 1 1 1 1 1 1 1 1 1 1 
-----------seed: 103------------
 
-----------seed: 104------------
 1 1 2 1 2 1 1 1 1 1 2 1 1 1 2 1 1 1 1 1 1 2 1 1 1 2 1 1 2 1 1 1 2 1 1 1 1 1 1 1 1 1 1 1 1 
-----------seed: 105------------
 
-----------seed: 106------------
 1 1 2 1 2 1 1 1 2 1 1 1 2 1 2 1 1 1 1 2 1 2 1 1 1 2 1 1 2 1 1 1 2 1 2 1 1 1 1 2 1 2 1 1 1 1 1 1 1 1 1 1 2 1 1 1 1 1 1 1 1 1 1 1 1 1 1 1 1 1 1 1 
-----------seed: 107------------
 
-----------seed: 108------------
 2 1 1 2 1 2 1 1 1 2 2 2 2 1 1 2 1 1 2 1 2 2 2 1 2 2 2 1 1 2 1 2 1 1 2 1 2 1 1 2 1 1 2 1 1 2 2 2 1 2 2 2 2 1 1 2 1 1 1 2 1 2 2 1 2 2 2 2 1 1 2 1 2 2 1 2 2 2 1 2 2 2 2 2 1 2 2 2 2 1 1 2 1 2 2 1 2 2 2 1 2 2 2 2 1 1 2 1 1 2 2 2 2 1 2 2 2 2 1 2 2 2 1 2 2 2 2 2 2 1 2 2 2 1 2 1 2 2 2 1 2 2 2 1 1 1 1 2 1 2 2 1 2 1 1 1 1 1 2 1 1 1 1 1 1 1 1 1 1 1 1 2 1 1 1 2 1 1 1 1 1 1 1 1 1 1 1 1 1 1 1 1 1 1 1 1 1 1 
-----------seed: 109------------
 
-----------seed: 110------------
 1 1 2 1 1 2 1 1 1 1 2 1 1 1 2 1 1 2 2 1 1 1 2 1 1 2 1 1 1 1 1 1 1 1 1 1 
-----------seed: 111------------
 
-----------seed: 112------------
 1 1 1 2 1 1 1 1 1 
-----------seed: 113------------
 
-----------seed: 114------------
 1 1 2 1 1 2 1 1 1 2 1 1 2 1 1 2 1 1 1 2 1 1 2 1 1 2 1 1 1 2 1 1 2 1 1 2 2 1 1 2 1 1 2 1 1 1 2 1 1 2 1 1 2 1 1 1 2 1 1 2 1 1 2 2 1 1 2 1 1 2 1 1 1 2 1 1 2 1 1 2 1 1 1 2 1 1 2 1 1 2 1 1 1 1 1 1 1 1 1 1 1 1 1 1 1 1 1 1 1 1 1 1 1 1 1 1 1 1 1 1 1 1 1 1 1 1 1 1 1 1 1 1 1 1 1 1 1 1 1 1 1 1 1 1 1 1 1 1 1 1 1 1 1 1 1 1 1 1 1 1 1 1 1 1 1 1 1 1 1 1 1 
-----------seed: 115------------
 
-----------seed: 116------------
 1 2 1 2 1 1 1 1 1 
-----------seed: 117------------
 
-----------seed: 118------------
 2 1 1 1 2 1 1 2 1 2 1 1 2 1 1 1 2 1 1 1 1 2 1 1 2 1 1 1 2 1 1 1 2 1 1 1 2 2 3 2 3 3 1 1 2 1 2 2 2 3 2 3 3 1 3 3 1 2 2 2 3 2 3 3 2 3 3 1 2 2 2 3 1 2 2 3 2 3 3 1 2 1 2 2 3 3 1 2 2 3 3 2 3 3 1 2 2 2 3 2 2 3 2 3 3 1 2 2 3 3 1 2 2 3 2 3 3 2 2 3 2 3 3 1 2 2 3 1 2 2 3 2 3 3 1 2 2 3 3 1 2 2 3 2 1 2 2 2 3 2 3 3 1 2 3 3 1 2 2 3 2 3 3 1 2 2 3 3 1 2 2 1 1 1 2 1 2 2 1 2 1 1 1 1 1 1 1 1 1 1 1 1 1 1 1 1 1 1 
-----------seed: 119------------
 
-----------seed: 120------------
 1 2 1 2 1 1 1 2 1 1 2 1 1 1 2 1 2 1 1 1 2 1 2 1 1 1 2 2 1 2 1 1 1 2 1 2 1 1 1 2 1 1 1 2 1 2 1 1 2 1 1 1 2 1 2 1 2 1 1 1 2 1 1 2 1 1 1 2 1 2 1 1 1 2 1 2 1 1 1 2 1 1 2 1 1 1 2 1 2 1 1 1 1 2 1 2 1 1 1 2 1 2 1 1 1 2 1 1 2 1 1 1 2 1 2 1 1 1 2 1 1 2 1 1 1 2 1 2 1 1 1 2 1 2 1 1 1 1 2 1 2 1 1 1 1 2 1 2 1 1 1 2 1 2 1 1 1 2 1 1 2 1 1 1 2 1 2 1 1 1 2 2 1 2 1 1 1 2 1 2 2 1 1 1 2 1 2 1 1 1 1 2 1 2 1 1 1 2 2 1 2 1 1 1 2 1 2 2 1 1 1 2 1 2 1 1 1 1 2 1 2 1 1 1 2 1 1 1 1 1 1 1 1 1 1 1 1 1 1 1 1 1 1 1 1 1 1 1 1 1 1 1 1 1 1 1 1 1 1 1 1 1 1 1 1 1 1 1 1 1 1 1 1 1 1 1 1 1 1 1 1 1 1 1 1 1 1 1 1 1 1 1 1 1 1 1 1 1 1 1 1 1 1 1 1 1 1 1 1 1 1 1 1 1 1 1 1 1 1 1 1 1 1 1 1 1 1 1 1 1 1 1 1 
-----------seed: 121------------
 
-----------seed: 122------------
 2 1 2 1 1 1 1 1 1 1 2 1 1 2 1 1 2 1 2 2 2 1 2 1 1 1 2 1 2 1 2 2 1 2 2 2 2 2 2 1 2 1 1 2 1 1 1 1 1 1 2 1 2 2 2 2 2 1 2 1 1 2 1 1 1 1 1 1 2 1 2 2 1 2 1 1 2 1 1 1 1 1 1 2 1 2 2 1 2 2 1 1 1 1 1 1 1 1 1 1 2 1 1 1 2 1 1 2 2 2 1 2 2 2 1 2 2 1 1 1 1 1 1 1 1 2 1 2 1 1 1 1 1 1 1 2 2 1 2 2 2 1 2 1 1 2 2 2 1 2 2 2 1 2 2 2 1 2 2 1 2 2 2 1 2 2 2 1 2 2 2 2 2 2 1 2 2 2 1 2 2 1 2 2 2 1 2 2 2 2 2 2 1 2 2 2 1 2 2 2 1 2 2 1 2 2 2 1 2 1 1 2 1 1 1 2 2 2 1 2 2 2 1 2 1 1 1 1 1 2 1 2 2 1 1 1 1 1 1 1 1 1 1 1 1 1 1 1 1 1 1 1 2 2 1 2 1 1 2 1 1 2 1 1 1 2 1 2 2 1 2 2 2 2 1 2 2 2 2 2 1 2 2 2 1 2 2 2 1 1 1 1 1 1 1 2 1 1 1 1 1 1 1 1 1 1 1 1 1 1 1 1 1 1 1 1 1 2 1 1 2 1 1 2 2 1 1 2 1 1 2 1 1 1 2 1 2 2 1 2 2 2 2 1 2 2 2 2 1 2 1 2 2 1 2 2 2 1 2 2 2 1 1 1 2 1 2 2 1 2 2 2 2 1 2 2 2 2 2 2 2 2 1 2 2 2 2 2 1 2 2 2 1 2 2 2 2 1 1 1 2 1 2 2 1 1 2 1 1 2 1 1 2 1 2 2 2 1 2 1 1 1 2 1 2 1 2 2 1 2 2 2 2 1 2 2 2 2 1 2 1 2 2 1 2 2 2 1 2 2 1 2 1 2 2 1 2 2 1 2 2 1 2 1 1 1 2 1 1 2 2 2 1 2 2 2 1 1 2 2 2 2 1 2 2 2 2 2 1 2 2 2 1 2 2 1 1 2 1 2 2 1 2 2 2 2 2 1 2 1 1 1 2 2 1 2 2 2 1 2 2 2 2 2 2 1 2 2 2 1 2 2 2 2 2 1 2 2 2 2 2 1 2 2 2 1 2 2 2 2 2 1 2 2 1 2 2 1 1 1 1 1 1 1 1 1 2 1 2 1 1 1 2 1 1 1 2 2 1 2 2 2 1 2 2 1 2 2 2 1 2 2 2 1 2 2 1 2 2 2 1 2 2 2 2 2 2 1 2 2 2 1 1 2 2 2 1 2 2 2 2 1 2 2 1 2 2 1 2 2 1 2 2 2 1 2 2 1 2 1 2 2 2 2 1 2 2 2 1 2 2 2 2 1 2 2 2 2 2 1 2 2 2 1 2 2 1 1 2 1 2 2 1 2 2 1 2 2 2 1 2 1 1 2 1 1 1 1 1 1 2 1 2 1 1 1 1 1 1 1 1 1 1 1 1 1 1 1 1 1 1 1 2 1 1 2 1 1 1 1 2 2 2 1 2 1 1 1 2 1 2 1 2 2 1 2 2 2 2 1 2 2 2 2 1 2 1 2 2 1 2 2 2 1 2 2 1 2 1 2 2 1 2 2 1 1 1 1 1 1 1 1 1 1 1 1 1 1 1 1 1 1 1 1 1 1 1 1 1 1 1 1 2 1 1 2 1 1 2 1 1 1 2 1 2 2 1 2 2 2 2 1 2 2 2 2 1 2 1 2 2 1 2 2 2 1 2 2 1 1 1 1 2 1 2 2 1 1 1 1 1 1 1 1 1 1 1 1 1 1 1 1 1 1 1 1 1 1 1 1 1 1 1 1 1 1 2 1 1 1 1 1 1 1 1 1 2 1 1 2 1 1 1 2 2 2 1 2 2 2 1 2 1 2 1 1 1 2 1 2 2 1 2 2 2 2 1 2 2 1 2 2 1 2 2 2 1 2 1 1 2 1 1 1 2 1 2 2 1 1 2 1 1 2 1 1 1 2 1 2 2 1 2 2 2 2 2 1 2 1 1 1 2 1 1 2 2 2 1 2 2 2 1 2 2 1 2 2 2 1 2 2 2 1 1 1 2 1 1 1 2 2 1 2 2 2 1 2 2 2 2 2 2 1 2 2 2 1 2 2 1 2 2 2 1 2 2 2 2 1 2 2 1 2 2 1 2 2 1 2 1 1 1 2 1 1 2 2 2 1 2 2 2 1 2 2 1 2 2 2 1 2 2 2 2 2 2 1 2 2 2 1 2 2 1 2 2 2 1 2 2 2 2 1 2 2 1 2 2 1 2 1 1 1 1 1 1 1 2 1 2 1 2 1 1 1 2 1 1 2 2 2 1 2 2 2 1 2 2 1 2 2 2 1 2 2 2 2 2 2 1 2 2 2 1 2 2 1 2 2 2 1 2 2 2 2 2 2 1 2 2 2 1 2 2 2 1 2 2 1 2 2 2 2 2 1 2 2 2 1 2 2 2 2 1 2 2 2 2 1 2 2 1 2 2 1 2 2 2 1 1 1 1 1 2 1 2 2 1 1 1 1 1 1 1 1 1 1 1 1 1 1 1 1 1 1 1 1 1 1 1 1 1 1 1 1 1 1 1 1 1 1 1 1 1 1 2 2 2 2 1 2 1 1 2 1 2 2 2 1 2 2 2 2 2 2 1 2 2 2 1 2 2 1 2 2 2 1 2 2 2 2 2 2 1 2 2 2 1 2 2 1 2 2 2 1 2 2 2 2 2 2 1 2 2 2 1 2 1 2 2 1 2 2 1 2 2 2 1 2 2 2 2 1 2 2 2 2 1 2 2 2 1 2 2 2 2 1 2 2 1 2 2 1 1 2 2 2 2 1 2 2 2 2 1 2 2 2 1 2 2 2 1 2 2 2 1 2 2 1 2 1 2 2 2 2 1 2 2 2 2 2 1 2 2 2 1 2 2 2 2 1 2 2 2 1 2 2 1 2 2 2 1 2 2 2 1 2 2 1 2 2 2 1 2 2 1 2 2 2 1 2 2 2 1 2 2 1 2 2 2 1 2 2 2 2 2 2 1 2 2 2 1 1 2 2 2 1 2 2 2 2 1 2 2 1 2 2 1 2 2 1 2 2 2 1 2 2 1 2 1 2 2 2 2 1 2 2 2 1 2 2 2 2 1 2 2 2 2 2 1 2 2 2 1 2 2 1 2 2 1 2 2 1 2 2 1 2 1 1 1 2 1 1 1 2 2 1 2 2 2 1 2 2 2 2 2 1 2 2 2 2 1 1 2 2 2 1 2 2 2 1 2 2 1 2 2 2 1 2 2 1 2 2 2 1 2 2 2 1 2 2 1 2 2 2 1 2 2 1 2 2 2 1 2 2 2 1 2 2 1 2 2 2 1 2 2 2 2 2 1 2 2 1 2 2 2 2 2 2 1 2 2 2 2 2 1 2 2 2 1 2 2 2 2 2 1 2 2 1 2 2 1 2 2 2 1 2 2 2 2 1 1 2 2 2 1 2 2 2 1 2 2 2 1 2 2 2 1 2 2 2 2 1 2 2 2 2 1 2 2 1 2 2 1 2 2 2 2 1 2 2 2 1 2 2 2 2 2 2 1 2 2 2 1 2 2 1 2 2 2 1 2 2 2 2 2 2 1 2 2 2 1 2 2 1 2 2 2 1 2 2 2 2 2 1 2 2 2 2 1 2 2 2 2 1 2 2 2 1 2 1 2 2 1 2 2 1 2 2 2 2 2 1 2 2 2 1 2 2 2 2 1 2 2 2 2 1 2 2 2 1 2 2 2 2 1 2 2 1 2 2 1 2 2 2 1 2 2 1 2 2 1 2 2 1 1 1 1 1 1 1 1 1 1 1 1 1 1 1 1 1 1 1 1 1 1 1 1 1 1 1 2 1 1 1 2 1 1 1 1 2 1 2 2 2 1 2 2 2 2 2 2 1 2 2 2 1 2 1 2 2 2 2 1 2 2 2 2 1 2 2 2 1 2 2 2 2 2 2 1 2 2 2 1 2 2 1 2 2 2 1 2 2 2 2 2 2 1 2 2 2 1 2 2 1 2 2 2 1 2 2 2 2 2 2 1 2 2 2 1 2 1 2 2 1 2 2 1 2 2 2 1 2 2 2 2 1 2 2 2 2 1 2 2 2 1 2 2 2 2 1 2 2 1 2 2 1 1 2 2 2 2 1 2 2 2 2 1 2 2 2 1 2 2 2 1 2 2 2 1 2 2 1 2 1 2 2 2 2 1 2 2 2 2 2 1 2 2 2 1 2 2 2 2 1 2 2 2 1 2 2 1 2 2 2 1 2 2 2 1 2 2 1 2 2 2 1 2 2 1 2 2 2 1 2 2 2 1 2 2 1 2 2 2 1 2 2 2 2 2 2 1 2 2 2 1 1 2 2 2 1 2 2 2 2 1 2 2 1 2 2 1 2 2 1 2 2 2 1 2 2 1 2 1 2 2 2 2 1 2 2 2 1 2 2 2 2 1 2 2 2 2 2 1 2 2 2 1 2 2 1 2 2 1 2 2 1 2 2 2 2 2 1 2 2 2 1 2 2 2 2 1 2 2 2 2 1 2 2 1 2 2 1 2 2 2 1 2 2 2 1 2 2 2 1 2 2 2 1 2 2 2 1 2 2 1 2 2 2 1 2 2 2 1 2 2 1 2 2 2 1 2 2 2 1 2 2 2 1 2 2 1 2 2 2 1 2 2 2 1 2 2 1 2 2 2 1 2 2 1 2 2 2 1 2 2 2 1 2 2 1 2 2 2 1 2 2 1 1 2 1 2 2 1 2 2 1 1 1 1 1 1 1 1 2 1 1 1 1 1 1 1 1 1 1 1 1 1 1 1 1 1 1 1 1 1 1 1 1 1 1 1 1 1 1 1 1 1 1 1 1 1 1 1 1 1 1 1 1 1 1 1 1 1 1 1 1 1 1 1 1 1 1 1 1 1 1 1 1 1 1 1 1 1 1 1 1 1 1 1 1 1 1 1 1 1 1 1 1 1 1 1 1 1 1 
-----------seed: 123------------
 
-----------seed: 124------------
 2 1 1 1 1 1 1 1 1 1 1 1 2 1 1 2 1 1 1 1 2 1 1 2 1 1 1 1 1 1 1 1 2 1 1 2 1 1 1 1 1 1 1 1 1 1 1 1 1 1 2 1 2 1 1 1 1 1 1 1 1 1 1 1 2 1 1 2 1 2 1 1 1 1 1 1 1 1 1 1 1 1 1 1 1 1 1 1 1 1 1 1 1 2 1 1 2 1 2 1 1 1 1 1 1 1 1 1 1 1 1 1 1 1 1 1 1 1 1 1 1 2 1 2 1 1 1 1 1 1 1 1 1 1 1 1 1 1 1 1 1 1 1 1 1 1 1 1 2 1 2 1 1 1 1 1 1 1 1 1 1 1 1 1 1 1 1 1 1 1 1 1 1 1 1 1 2 1 1 1 1 1 1 1 1 1 1 1 1 1 1 1 1 1 1 1 1 1 1 1 1 1 1 1 2 1 2 1 1 1 1 1 1 1 1 1 1 1 1 1 1 1 1 1 1 1 1 1 1 2 1 2 1 1 1 1 1 1 1 1 1 1 1 1 1 1 1 1 1 1 1 1 1 2 1 2 1 1 1 1 1 1 1 1 1 1 1 1 1 2 1 1 1 1 1 1 1 1 1 1 1 1 1 1 1 1 1 1 1 2 1 2 1 1 1 1 1 1 1 1 1 1 1 1 1 2 1 1 1 1 1 1 1 1 1 1 1 1 1 1 1 1 1 1 1 1 1 1 1 1 1 1 1 1 1 1 1 1 1 1 1 1 1 1 1 1 1 1 1 1 1 1 1 1 1 1 1 1 1 1 2 1 2 1 1 1 1 1 1 1 1 1 1 1 1 1 1 1 1 1 1 1 1 1 1 1 1 1 1 1 1 1 1 1 1 1 2 1 1 1 1 1 1 1 1 1 2 1 1 2 1 1 1 2 1 1 1 1 2 1 1 2 1 1 1 1 1 1 1 1 1 1 1 1 1 1 1 1 1 1 1 1 1 1 1 1 1 1 1 1 1 1 1 1 1 1 1 1 1 1 1 1 2 1 2 1 1 1 1 1 1 1 1 1 1 1 1 1 1 1 1 1 1 1 1 1 1 1 1 1 1 1 1 1 1 1 1 1 1 1 1 1 1 1 1 2 1 2 1 1 1 1 1 1 1 1 1 1 2 1 1 2 1 1 1 1 1 1 1 1 1 1 1 1 1 1 1 1 1 1 1 1 1 1 1 1 1 1 1 1 1 1 1 1 1 1 1 1 1 1 1 1 1 1 1 1 1 1 1 1 1 1 1 2 1 2 1 1 1 1 1 1 1 1 1 1 1 1 1 1 1 1 1 1 1 1 1 1 1 1 1 1 1 1 1 1 1 1 1 1 1 1 1 1 1 1 1 1 1 1 1 1 1 1 2 1 1 2 1 2 1 1 1 1 1 1 1 1 1 1 1 1 1 1 1 1 1 1 1 1 1 1 1 1 1 1 1 1 1 1 1 1 1 1 1 1 1 1 1 1 1 1 1 1 1 1 2 1 1 1 1 1 1 1 1 1 1 1 1 1 2 1 1 1 1 1 1 1 1 1 1 1 1 1 1 1 1 1 1 1 1 1 1 1 1 1 1 1 1 1 1 1 1 1 1 1 1 1 1 1 1 1 1 1 1 1 1 1 2 1 1 1 1 1 1 1 1 1 1 1 1 1 1 1 1 2 1 1 1 1 1 1 1 1 1 1 1 1 1 1 1 1 1 1 1 1 1 1 1 1 1 1 1 1 1 1 1 1 1 1 1 1 1 1 1 1 1 1 1 1 1 1 2 1 1 1 1 1 1 1 1 1 1 1 1 1 1 1 1 1 1 1 1 1 1 1 1 1 1 1 1 1 1 1 1 1 1 1 1 1 1 1 1 1 1 1 1 1 1 1 1 1 1 1 1 1 1 1 1 1 1 1 1 1 1 2 1 1 1 1 1 1 1 1 1 1 1 1 1 1 1 1 1 1 1 1 1 1 1 1 1 1 1 1 1 1 1 1 1 1 1 1 1 1 1 1 1 1 1 1 1 1 1 1 1 1 1 1 1 1 1 1 1 1 1 1 1 1 1 1 2 1 2 1 1 1 1 1 1 1 1 1 1 1 1 1 1 1 1 1 1 1 1 1 1 1 1 1 1 1 1 1 1 1 1 1 1 1 1 1 1 1 1 1 1 1 1 1 1 1 1 1 1 1 1 1 1 1 1 1 1 1 2 1 2 1 1 1 1 1 1 1 1 1 1 1 1 1 1 1 1 1 1 1 1 1 1 1 1 1 1 1 1 1 1 1 1 1 1 1 1 1 1 1 1 1 1 1 1 1 1 1 1 1 1 1 1 1 1 1 1 1 1 2 1 2 1 1 1 1 1 1 1 1 1 1 1 1 1 2 1 1 1 1 1 1 1 1 1 1 1 1 1 1 1 1 1 1 1 1 1 1 1 1 1 1 1 1 1 1 1 1 1 1 1 1 1 1 1 1 1 1 1 1 1 1 1 1 1 1 1 1 1 1 1 1 2 1 2 1 1 1 1 1 1 1 1 1 1 1 1 1 2 1 1 1 1 1 1 1 1 1 1 1 1 1 1 1 1 1 1 1 1 1 1 1 1 1 1 1 1 1 1 1 1 1 1 1 1 1 1 1 1 1 1 1 1 1 1 1 1 1 1 1 1 1 1 2 1 1 1 1 1 1 1 1 1 1 1 1 1 1 1 1 1 1 1 1 1 1 1 1 1 1 1 1 1 1 1 1 1 1 1 1 1 1 1 1 1 1 1 1 1 1 1 1 1 1 1 1 1 1 1 1 1 1 1 1 1 1 1 1 1 1 1 1 1 1 1 1 1 2 1 2 1 1 1 1 1 1 1 1 1 1 1 1 1 1 1 1 1 1 1 1 1 1 1 1 1 1 1 1 1 1 1 1 1 1 1 1 1 1 1 1 1 1 1 1 1 1 1 1 1 1 1 1 1 1 1 1 1 1 1 1 1 1 1 1 1 1 1 1 1 1 2 1 1 1 1 1 1 1 1 1 1 1 1 1 1 1 1 1 1 1 1 1 1 1 1 1 1 1 1 1 1 1 1 1 1 1 1 1 1 1 1 1 1 1 1 1 1 1 1 1 1 1 1 1 1 1 1 1 1 1 1 1 1 1 1 1 1 1 1 1 1 1 1 1 1 2 1 1 1 1 1 1 1 1 1 1 1 1 1 1 1 1 1 1 1 1 1 1 1 1 1 1 1 1 1 1 1 1 1 1 1 1 1 1 1 1 1 1 1 1 1 1 1 1 1 1 1 1 1 1 1 1 1 1 1 1 1 1 1 1 1 1 1 1 1 1 1 1 2 1 1 1 1 1 1 1 1 1 1 1 1 1 1 1 1 1 1 1 1 1 1 1 1 1 1 1 1 1 1 1 1 1 1 1 1 1 1 1 1 1 1 1 1 1 1 1 1 1 1 1 1 1 1 1 1 1 1 1 1 1 1 1 1 1 2 1 1 1 2 1 2 1 1 1 1 1 1 1 1 1 2 1 1 1 1 1 1 1 1 1 1 1 1 1 1 1 1 1 1 1 1 1 1 1 1 1 1 1 1 1 1 1 1 1 1 1 1 1 1 1 1 1 1 1 1 1 1 1 1 1 1 1 1 1 1 1 1 1 1 1 1 1 1 1 1 2 1 2 1 1 1 1 1 1 1 1 1 1 1 1 1 1 1 1 1 1 1 1 1 1 1 1 1 1 1 1 1 1 1 1 1 1 1 1 1 1 1 1 1 1 1 1 1 1 1 1 1 1 1 1 1 1 1 1 1 1 1 1 1 1 1 1 1 1 1 1 1 1 1 1 1 1 1 1 1 1 1 1 2 1 2 1 1 1 1 1 1 1 1 1 1 1 1 1 1 1 1 1 1 1 1 1 1 1 1 1 1 1 1 1 1 1 1 1 1 1 1 1 1 1 1 1 1 1 1 1 1 1 1 1 1 1 1 1 1 1 1 1 1 1 1 1 1 1 1 1 1 1 1 1 1 1 1 1 1 1 1 2 1 1 2 1 2 1 1 1 2 2 2 2 1 1 2 1 2 2 1 2 2 2 1 2 2 2 2 2 1 2 2 2 2 1 2 2 1 2 2 1 2 2 2 1 2 2 2 2 1 2 2 2 2 2 1 2 2 2 1 2 2 2 2 2 1 2 2 1 2 2 1 2 2 2 1 2 2 2 2 2 2 1 2 2 2 1 2 2 2 2 2 1 2 2 2 1 2 1 2 2 1 2 2 1 2 2 2 2 2 1 2 2 2 1 2 1 2 2 2 1 2 2 2 1 2 1 2 2 2 2 1 2 2 1 2 2 1 2 2 2 1 2 2 1 2 2 2 2 1 2 2 2 1 2 2 2 2 1 2 2 2 2 1 2 2 2 1 2 2 2 1 2 2 2 1 2 2 1 2 2 1 2 2 2 1 2 2 2 2 2 2 1 2 2 2 1 2 1 2 2 2 1 2 2 2 2 1 2 2 2 1 2 2 1 2 2 1 2 2 2 1 2 2 2 2 2 2 1 2 2 2 1 2 1 2 2 2 1 2 2 2 2 2 1 2 2 1 2 2 1 1 2 2 2 2 1 2 2 2 2 2 1 2 2 2 1 2 2 2 2 2 1 2 2 2 2 1 2 2 1 2 2 1 2 2 2 2 2 2 1 2 2 2 2 1 2 1 2 2 2 1 2 2 2 2 2 1 2 2 2 1 2 2 2 1 2 2 2 1 2 2 1 2 2 1 2 2 2 1 2 2 
-----------seed: 125------------
 
-----------seed: 126------------
 1 2 1 2 2 1 2 2 1 2 2 1 1 2 1 1 1 2 2 2 2 1 2 2 2 1 2 2 1 2 1 1 2 1 2 2 2 1 1 2 1 1 1 2 1 2 2 1 2 2 2 1 2 2 1 1 1 1 2 1 2 2 1 2 1 1 1 2 1 2 1 1 1 1 1 1 1 1 1 1 1 1 2 1 2 1 1 1 1 1 1 1 1 1 1 1 1 1 1 1 1 2 1 1 1 1 1 1 1 1 1 1 1 1 1 1 1 1 1 1 1 1 2 1 1 1 1 1 1 1 1 1 1 1 1 1 1 1 1 1 1 1 1 2 1 2 1 1 1 1 1 1 1 1 1 1 1 1 1 1 1 1 1 1 1 1 1 1 1 1 1 1 1 1 1 1 1 1 1 1 1 2 1 1 1 1 1 1 1 1 1 1 1 1 1 1 1 1 1 2 1 2 1 1 1 1 1 1 1 1 1 1 1 1 1 1 2 1 1 1 1 1 1 1 1 1 1 1 1 1 1 1 1 1 1 2 1 1 1 1 1 1 1 1 1 1 1 1 1 1 1 1 1 1 2 1 1 1 1 1 1 1 1 1 1 1 1 1 1 1 1 1 1 2 1 1 1 1 1 1 1 1 1 1 1 1 1 1 1 1 1 1 2 1 1 1 1 1 1 1 1 1 1 1 1 1 1 1 1 1 1 2 1 1 1 1 1 1 1 1 1 1 1 1 2 1 1 1 2 1 2 1 1 2 1 2 1 2 1 2 1 2 2 1 2 1 2 1 2 1 2 2 1 2 1 2 1 2 1 2 1 1 1 1 2 1 2 1 2 1 1 1 1 1 1 1 1 1 
-----------seed: 127------------
 
-----------seed: 128------------
 1 1 2 1 2 1 1 1 1 
-----------seed: 129------------
 
-----------seed: 130------------
 1 2 1 1 1 2 1 1 2 2 2 1 1 2 1 1 1 2 2 2 2 1 2 2 2 1 2 2 1 2 1 1 2 1 2 2 1 2 1 1 2 1 1 2 1 1 1 2 1 1 2 1 1 2 1 1 1 2 1 1 2 1 1 1 1 1 2 1 1 2 1 1 2 2 2 1 1 2 1 1 1 1 2 2 2 1 2 2 2 1 1 1 1 2 1 2 2 1 2 1 1 2 1 1 1 1 1 1 2 1 2 2 2 2 1 1 2 2 2 2 1 2 2 2 1 2 2 1 2 2 2 1 2 2 2 2 1 2 2 1 2 2 1 2 2 2 2 1 2 2 2 1 2 2 1 2 2 2 1 2 2 2 1 2 2 1 2 2 2 1 2 1 1 2 1 1 1 1 1 1 1 2 2 2 2 1 2 2 2 1 2 2 2 2 1 2 2 2 2 2 1 2 2 2 1 2 2 2 2 2 1 2 2 2 2 1 2 2 1 2 2 1 2 2 2 1 2 2 2 2 1 2 2 2 2 2 1 2 2 2 1 2 2 2 2 2 1 2 2 2 2 1 2 1 2 2 2 1 2 2 2 2 2 1 2 2 2 1 2 2 2 1 1 1 2 1 1 1 2 1 1 1 1 1 1 1 1 1 1 1 1 1 1 1 1 1 1 1 1 1 1 1 1 1 1 1 2 1 1 2 1 1 1 2 1 2 2 1 2 2 2 1 2 2 2 2 2 2 1 2 2 2 1 2 1 2 2 2 1 2 2 2 2 2 1 2 2 2 2 1 2 2 2 1 2 2 2 2 1 2 2 2 2 1 2 2 2 1 2 1 2 2 2 2 1 2 2 2 2 2 1 2 2 2 1 2 2 2 2 1 2 2 2 1 2 2 2 2 2 1 2 2 2 1 2 1 2 2 2 2 1 2 2 2 2 2 1 2 2 2 1 2 2 2 2 2 1 2 2 2 2 1 1 2 1 2 2 1 2 2 2 1 2 1 1 1 1 1 1 1 1 1 1 1 1 1 1 2 1 1 1 1 1 1 1 1 1 1 1 1 1 1 1 1 1 1 1 1 1 1 1 1 1 1 1 1 1 1 1 1 1 1 1 1 1 2 2 2 1 1 2 1 1 1 1 2 2 2 1 2 2 2 1 2 1 2 2 2 2 1 2 2 2 2 2 1 2 2 2 1 2 1 2 2 2 1 2 2 2 2 2 2 1 2 2 2 1 2 2 2 2 2 1 2 2 2 1 2 1 2 2 2 2 1 2 2 2 1 2 2 2 2 1 2 2 2 2 1 2 2 2 1 2 2 2 2 2 2 1 2 2 2 1 2 1 2 2 2 1 2 2 2 1 1 2 2 2 1 2 2 1 2 2 1 2 2 2 1 2 2 2 2 2 2 1 2 2 2 1 2 1 2 2 2 1 2 2 2 1 2 1 2 2 2 2 1 2 2 1 2 2 1 2 2 2 1 2 2 1 2 2 2 2 1 2 2 2 1 2 2 2 2 1 2 2 2 2 1 2 2 2 1 2 2 1 1 1 1 1 1 1 1 2 1 1 1 1 1 2 1 2 1 1 1 1 1 1 1 1 1 1 1 1 1 1 1 1 1 1 1 1 1 1 1 1 1 1 1 1 1 1 1 1 1 1 1 1 1 1 1 1 1 1 1 1 1 1 
-----------seed: 131------------
 
-----------seed: 132------------
 2 1 2 1 1 1 1 1 1 2 1 1 2 1 1 1 2 1 1 1 2 1 1 1 2 1 1 1 1 1 1 1 1 1 1 1 2 2 1 1 2 1 1 1 1 2 2 2 1 2 2 2 1 2 1 2 2 2 2 1 2 2 2 2 2 1 2 2 2 1 2 2 1 2 2 2 2 1 2 2 2 2 2 1 2 2 2 1 2 2 2 1 1 2 1 2 1 1 2 3 1 1 2 1 1 1 2 1 2 3 3 1 2 2 2 3 2 2 2 3 2 3 3 1 2 2 1 2 3 3 1 2 2 3 3 2 1 2 2 1 2 2 1 2 2 2 1 2 2 1 2 2 1 1 2 2 1 2 2 1 2 2 2 1 2 2 1 2 2 1 2 2 2 1 2 2 1 2 2 1 1 1 1 1 1 2 1 2 2 1 1 1 1 1 1 1 1 1 1 2 1 1 1 1 1 1 1 
-----------seed: 133------------
 
-----------seed: 134------------
 
-----------seed: 135------------
 
-----------seed: 136------------
 1 2 1 1 1 2 1 1 1 2 1 1 1 2 1 1 2 1 1 2 1 1 2 1 1 1 2 1 1 1 2 1 1 1 2 1 1 1 2 1 1 1 2 1 1 1 1 1 1 1 1 1 1 1 1 1 1 1 1 1 1 1 1 
-----------seed: 137------------
 
-----------seed: 138------------
 
-----------seed: 139------------
 
-----------seed: 140------------
 
-----------seed: 141------------
 1 2 1 1 1 2 1 2 1 
-----------seed: 142------------
 
-----------seed: 143------------
 2 1 1 1 2 1 1 2 1 1 2 1 1 2 1 1 2 1 1 1 2 1 1 2 1 1 2 1 2 1 1 1 2 1 1 1 1 2 2 2 1 2 2 2 2 1 2 2 1 2 2 1 2 2 1 2 1 1 1 2 1 1 1 1 2 2 2 1 2 2 2 2 2 2 1 2 2 2 1 2 2 2 2 2 1 2 2 2 1 2 1 2 2 1 2 2 1 2 2 1 1 2 1 1 1 1 1 1 1 2 2 2 2 1 2 2 2 1 2 2 2 2 1 2 2 2 2 2 1 2 2 2 1 2 2 2 2 2 1 2 2 2 2 1 2 2 1 2 2 1 2 2 2 2 2 1 2 2 2 1 2 2 1 2 2 1 2 2 2 1 2 1 2 1 1 1 2 1 1 1 1 1 1 1 1 1 1 1 1 1 1 1 1 1 1 1 1 1 1 2 1 1 1 2 1 1 1 1 2 2 2 1 2 2 2 2 2 2 1 2 2 2 1 2 2 2 2 2 1 2 2 2 1 2 1 2 2 2 2 1 2 2 2 1 2 2 2 2 1 2 2 2 2 1 2 2 2 1 2 2 2 2 2 2 1 2 2 2 1 2 1 2 2 2 1 2 2 2 1 2 1 2 2 1 2 2 1 2 2 2 1 2 2 2 2 1 2 2 1 2 2 1 2 2 2 1 1 2 1 2 1 1 1 1 1 1 2 2 2 2 1 1 2 1 2 2 1 2 2 2 1 2 2 2 2 2 1 2 2 2 2 1 2 2 2 1 2 2 2 2 1 2 1 2 2 2 1 2 2 2 2 2 1 2 2 2 1 2 2 2 2 2 2 1 2 2 2 1 2 2 2 2 1 2 2 2 2 1 2 2 2 1 2 2 2 2 2 2 1 2 2 2 1 2 2 2 2 2 1 2 2 2 1 2 1 2 2 1 2 2 1 2 2 2 1 2 2 2 2 1 2 2 1 2 2 1 2 2 2 1 2 2 1 2 2 2 2 1 2 2 2 1 1 2 1 2 2 1 2 1 2 1 1 2 1 1 1 2 1 1 1 1 1 1 1 1 2 1 1 1 1 1 1 1 1 1 1 1 1 1 1 1 1 1 1 1 1 1 1 1 1 1 1 1 1 1 1 1 1 1 1 1 1 1 1 1 1 1 1 1 1 1 1 1 1 1 1 1 1 1 1 1 1 1 1 1 1 1 1 1 1 1 1 1 1 1 1 1 1 1 1 2 1 1 1 1 1 1 1 1 1 1 1 1 1 1 1 1 1 1 1 1 1 1 1 1 1 1 1 1 1 1 1 1 1 1 1 1 1 1 1 1 1 1 1 1 1 1 1 2 1 1 1 1 1 1 1 1 1 1 1 1 1 1 1 1 1 1 1 1 1 1 1 1 1 1 1 1 1 1 1 1 1 1 1 1 1 1 1 1 1 1 1 1 1 1 1 2 1 1 1 1 1 1 1 1 1 1 1 1 1 1 1 1 1 1 1 1 1 1 1 1 1 1 1 1 2 1 1 1 1 1 1 1 1 2 1 2 1 2 1 1 1 1 2 1 2 1 2 1 2 1 1 2 1 2 1 2 1 2 1 1 2 1 2 1 2 1 2 1 1 2 1 2 1 2 1 2 1 1 2 1 2 1 2 1 2 1 1 2 1 2 1 2 1 2 1 1 2 1 2 1 2 1 2 1 1 2 1 2 1 2 1 2 1 1 1 1 2 1 2 1 2 1 1 1 1 1 1 1 1 1 1 1 1 1 1 1 1 1 1 1 1 1 1 1 1 1 1 1 1 1 1 1 1 1 1 1 1 1 
-----------seed: 144------------
 
-----------seed: 145------------
 1 1 1 2 1 2 1 1 1 1 1 2 1 1 1 2 1 1 1 1 2 1 1 1 2 1 1 2 1 1 1 2 1 1 1 2 1 1 2 1 1 1 2 1 1 2 1 1 1 2 1 1 1 2 1 1 2 1 1 1 2 1 1 2 1 1 1 2 1 1 1 2 1 1 2 1 1 1 2 1 1 2 1 1 1 2 1 1 1 2 1 1 2 1 1 1 2 1 1 2 1 1 1 2 1 1 1 2 1 1 2 1 1 1 2 1 1 2 1 1 1 2 1 1 1 2 1 1 2 1 1 1 2 1 1 2 1 1 1 2 1 1 1 2 1 1 2 1 1 1 2 1 1 2 1 1 1 2 1 1 1 2 1 1 2 1 1 1 2 1 1 2 1 1 1 2 1 1 1 2 1 1 2 1 1 1 2 1 1 2 1 1 1 2 1 1 1 2 1 1 2 1 1 1 2 1 1 2 1 1 1 2 1 1 1 2 1 1 2 1 1 1 2 1 1 1 2 1 1 2 1 1 1 2 1 2 1 1 2 1 1 2 1 1 1 1 2 1 1 1 2 1 1 2 1 1 1 2 1 1 1 1 1 1 2 1 1 1 2 1 1 2 1 1 1 2 1 1 1 1 1 1 2 1 1 1 2 1 1 2 1 1 1 2 1 1 1 1 1 1 2 1 1 1 2 1 1 2 1 1 1 2 1 1 1 1 1 1 2 1 1 1 2 1 1 2 1 1 1 2 1 1 1 1 1 1 2 1 1 1 2 1 1 2 1 1 1 2 1 1 1 1 1 1 2 1 1 1 2 1 1 2 1 1 1 2 1 1 1 1 1 1 2 1 1 1 2 1 1 2 1 1 1 2 1 1 1 1 1 1 2 1 1 1 2 1 2 1 2 1 1 1 2 1 1 
-----------seed: 146------------
 
-----------seed: 147------------
 
-----------seed: 148------------
 
-----------seed: 149------------
 2 1 1 1 2 1 1 1 2 2 1 1 1 2 1 2 1 1 2 1 1 1 1 1 1 1 1 
-----------seed: 150------------
 
-----------seed: 151------------
 1 2 1 1 1 2 1 1 2 1 2 1 1 2 1 1 1 2 2 1 1 1 2 1 1 2 1 2 1 1 2 1 1 1 2 1 1 1 1 2 1 1 2 1 1 1 1 2 1 1 1 2 1 1 1 1 2 1 1 2 1 1 1 1 2 1 1 1 2 1 1 2 1 2 1 1 2 1 1 1 2 2 1 1 1 2 1 1 2 1 2 1 1 2 1 1 1 2 1 1 1 1 2 1 1 2 1 1 1 1 2 1 1 1 2 1 1 1 1 2 1 1 2 1 1 1 1 2 1 1 1 2 1 1 2 1 2 1 1 2 1 1 1 2 2 1 1 1 2 1 1 2 1 2 1 1 2 1 1 1 2 1 1 1 1 2 1 1 2 1 1 1 1 2 1 1 1 2 1 1 1 1 2 1 1 2 1 1 1 1 2 1 1 1 2 1 1 2 3 1 2 1 2 1 1 1 2 1 2 2 2 3 1 2 1 2 2 3 3 1 2 2 3 2 3 2 2 2 3 2 3 3 1 2 2 3 1 2 2 3 2 3 3 3 1 2 2 2 3 3 1 2 2 3 3 1 2 2 2 3 2 2 2 3 2 3 3 1 2 2 3 2 3 3 1 2 2 2 3 2 2 3 2 3 3 1 2 2 3 3 1 2 2 3 2 3 3 2 2 2 3 2 3 1 2 2 3 3 1 2 2 3 2 3 3 2 2 2 3 3 1 2 2 3 3 1 2 2 2 3 2 3 3 3 2 3 3 1 2 2 3 2 3 1 2 2 2 3 3 1 2 2 3 3 1 2 2 2 3 2 2 2 3 2 3 3 1 2 2 2 3 3 1 2 2 2 3 3 2 3 2 3 3 1 2 2 2 3 1 2 2 3 2 3 3 1 2 3 2 3 3 1 2 2 2 1 2 2 3 2 3 3 1 2 2 3 3 1 2 2 3 2 3 2 2 2 3 2 3 3 1 2 3 3 1 2 2 3 2 3 3 2 2 2 3 3 1 2 2 3 3 1 2 2 2 3 2 3 3 3 2 3 3 1 2 2 3 2 3 1 2 2 2 3 3 1 2 2 3 3 1 2 2 2 3 2 2 2 3 2 3 3 1 2 2 2 3 3 1 2 2 2 3 3 2 3 2 3 3 1 2 2 2 3 1 2 2 3 2 3 3 1 2 3 2 3 3 1 2 2 2 1 2 2 3 2 3 3 1 2 2 3 3 1 2 2 3 2 3 2 2 2 3 2 3 3 1 2 3 3 1 2 2 3 2 3 3 2 2 2 3 3 1 2 2 3 3 1 2 2 2 3 2 3 3 3 2 3 3 1 2 2 3 2 3 1 2 2 2 3 3 1 2 2 3 3 1 2 2 2 3 2 2 2 3 2 3 3 1 2 2 2 3 3 1 2 2 2 3 3 2 3 2 3 3 1 2 2 2 3 1 2 2 3 2 3 3 1 2 3 2 3 3 1 2 2 2 1 2 2 3 2 3 3 1 2 2 3 3 1 2 2 3 2 3 2 2 2 3 2 3 3 1 2 3 3 1 2 2 3 2 3 3 2 2 2 3 3 1 2 2 3 3 1 2 2 2 3 2 3 3 3 2 3 3 1 2 2 3 2 3 1 2 2 2 3 3 1 2 2 3 3 1 2 2 2 3 2 2 2 3 2 3 3 1 2 2 2 3 3 1 2 2 2 3 3 2 3 2 3 3 1 2 2 2 3 1 2 2 3 2 3 3 1 2 3 2 3 3 1 2 2 2 1 2 2 3 2 3 3 1 2 2 3 3 1 2 2 3 2 3 2 2 2 3 2 3 3 1 2 3 3 1 2 2 3 2 3 3 2 2 2 3 3 1 2 2 3 3 1 2 2 2 3 2 3 3 3 2 3 3 1 2 2 3 2 3 1 2 2 2 3 3 1 2 2 3 3 1 2 2 2 3 2 2 2 3 2 3 3 1 2 2 2 3 3 1 2 2 2 3 3 2 3 2 3 3 1 2 2 2 3 1 2 2 3 2 3 3 1 2 3 2 3 3 1 2 2 2 1 2 2 3 2 3 3 1 2 2 3 3 1 2 2 3 2 3 2 2 2 3 2 3 3 1 2 3 3 1 2 2 3 2 3 3 2 2 2 3 3 1 2 2 3 3 1 2 2 2 3 2 3 3 3 2 3 3 1 2 2 3 2 3 1 2 2 2 3 3 1 2 2 3 3 1 2 2 2 3 2 2 2 3 2 3 3 1 2 2 1 2 3 3 1 2 2 3 3 1 1 1 1 1 1 2 1 2 1 1 1 1 1 1 1 1 1 1 1 1 1 1 1 1 1 1 1 1 1 1 1 1 1 1 1 1 1 1 1 1 1 1 1 1 1 1 1 1 1 1 1 1 1 1 1 1 1 1 1 1 1 1 1 1 1 1 1 1 1 1 1 1 1 1 1 1 1 1 1 1 1 1 1 1 1 1 1 1 1 1 1 1 1 1 1 1 1 1 1 1 1 1 1 1 1 1 1 1 1 1 1 1 1 1 1 1 
-----------seed: 152------------
 
-----------seed: 153------------
 2 1 1 1 2 1 2 1 1 
-----------seed: 154------------
 
-----------seed: 155------------
 2 1 1 2 1 1 2 1 1 2 1 1 2 1 1 2 1 1 1 1 1 2 1 1 1 2 1 2 2 1 2 2 2 2 1 1 2 1 2 2 1 2 2 2 1 2 1 1 1 1 1 1 2 1 1 1 2 1 1 1 2 1 1 1 2 1 1 1 2 1 1 1 2 1 1 1 2 1 1 1 2 2 2 2 1 2 2 2 2 1 2 2 1 2 2 1 2 2 2 2 2 2 1 2 2 2 2 1 2 2 1 2 2 1 2 2 2 2 2 2 1 2 2 2 2 1 2 2 1 2 2 1 2 2 2 2 2 2 1 2 2 2 2 1 2 2 1 2 2 1 2 2 2 1 2 2 2 2 1 2 2 2 1 1 2 1 2 2 1 2 2 1 2 2 2 2 1 1 2 1 1 2 2 2 2 1 2 2 2 2 1 2 2 2 1 2 2 2 1 2 2 2 1 2 2 1 2 2 1 2 2 2 1 2 2 2 1 2 2 2 1 2 2 1 2 2 1 2 2 2 1 2 2 2 1 2 2 2 1 2 2 1 2 2 1 2 2 2 1 2 2 2 2 1 2 2 1 2 2 1 2 2 2 1 2 2 2 2 1 2 2 1 2 2 1 2 2 2 1 1 1 1 2 1 1 1 2 1 1 1 2 1 1 2 1 1 1 1 2 1 1 2 1 1 1 2 2 3 2 3 3 1 1 2 1 1 2 2 3 2 3 3 1 2 2 3 3 1 2 2 3 2 3 2 2 2 3 2 3 3 1 2 3 3 1 2 2 3 2 3 3 1 2 2 3 3 1 2 2 3 3 2 3 3 1 2 2 2 3 2 2 3 2 3 3 1 2 2 3 3 1 2 2 3 2 3 3 3 1 2 2 2 3 3 1 2 2 3 3 1 2 2 2 3 2 2 3 2 3 3 1 2 2 2 2 2 2 3 2 3 3 1 2 3 3 1 2 2 3 2 3 3 1 2 2 3 3 1 2 2 3 3 2 3 3 1 2 2 2 3 2 2 3 2 3 3 1 2 2 3 3 1 2 2 3 2 3 3 3 1 2 2 2 3 3 1 2 2 3 3 1 2 2 2 3 2 2 2 3 2 3 3 1 2 2 2 2 3 3 1 2 2 3 3 1 2 2 2 3 2 3 3 1 2 3 3 1 2 2 3 2 3 3 1 2 2 3 3 1 2 2 1 2 2 2 3 3 1 2 2 3 3 1 2 2 2 3 2 3 2 3 2 3 3 1 2 2 3 2 3 3 1 2 2 3 3 1 2 3 3 1 2 2 3 3 1 1 1 1 1 1 2 1 2 2 1 1 1 1 1 1 1 1 1 1 1 1 1 1 1 1 1 1 1 1 1 1 1 1 1 1 1 1 1 1 1 1 1 1 1 1 
-----------seed: 156------------
 
-----------seed: 157------------
 
-----------seed: 158------------
 
-----------seed: 159------------
 1 1 2 1 1 1 2 1 2 1 1 2 1 1 1 2 1 1 1 1 2 1 1 1 2 1 1 1 1 2 1 1 2 1 1 1 1 1 1 1 1 1 1 1 1 1 1 1 1 1 1 1 1 1 
-----------seed: 160------------
 
-----------seed: 161------------
 2 1 1 1 2 1 1 2 1 2 2 2 1 2 2 2 2 1 1 2 1 2 2 1 2 2 2 1 1 1 2 1 1 2 1 2 2 2 1 2 2 2 2 1 1 2 1 2 2 1 2 2 2 1 2 1 2 1 1 1 1 1 1 2 1 1 2 1 1 1 2 1 2 2 1 2 2 2 1 2 2 1 1 1 1 2 1 2 2 1 1 2 1 1 1 1 1 1 1 1 1 2 1 1 1 2 1 1 2 2 1 2 2 2 1 2 2 1 1 1 1 1 1 1 1 2 2 1 1 1 1 1 1 1 1 1 2 1 1 1 2 1 1 2 1 2 2 2 1 2 2 2 2 1 1 2 1 2 2 1 2 2 1 1 1 1 1 1 1 1 1 2 1 1 1 1 1 1 1 1 2 2 2 1 1 2 1 1 2 2 1 2 2 1 2 2 2 1 1 1 1 1 1 1 1 1 1 1 1 1 1 1 1 1 1 1 1 2 1 2 1 1 1 1 1 2 2 1 1 2 1 1 1 2 2 2 2 1 2 2 2 1 2 1 1 1 1 1 2 1 2 2 1 1 1 1 1 1 1 1 1 1 1 1 1 1 1 1 1 1 1 1 2 1 2 1 1 1 1 2 2 2 1 1 2 1 1 1 1 2 2 2 1 2 2 2 1 1 1 1 1 1 1 2 1 2 1 1 1 1 1 1 1 1 1 1 1 1 1 1 1 1 1 1 2 1 1 1 1 1 1 1 1 1 2 1 1 1 2 1 1 2 1 2 2 2 1 2 2 2 2 1 1 2 1 2 2 1 2 2 1 1 1 1 1 1 1 1 1 1 1 1 1 1 1 1 1 1 1 1 1 1 1 1 1 1 1 1 2 1 1 1 1 1 1 1 1 1 2 1 1 1 2 1 1 2 1 2 2 2 1 2 2 2 1 1 1 2 1 2 2 1 2 1 1 1 1 1 1 1 1 1 1 1 1 1 1 1 1 1 1 1 1 1 1 1 1 1 1 1 1 1 1 1 1 1 1 1 1 1 1 2 1 1 2 1 2 1 2 1 2 2 2 2 1 1 2 1 2 2 1 2 2 2 1 2 1 1 1 1 1 1 1 1 1 1 1 1 1 1 1 1 1 1 1 1 1 1 1 1 1 1 1 1 1 1 1 1 1 1 1 1 1 1 1 1 1 1 1 1 1 1 1 1 2 1 1 2 1 2 2 2 1 2 2 2 2 1 1 2 1 2 2 1 2 2 2 1 1 1 1 1 1 1 1 1 1 1 1 1 1 1 1 1 1 1 1 1 1 1 1 1 1 1 1 1 1 1 1 1 1 1 1 1 1 1 1 1 1 1 1 1 1 1 1 2 1 2 1 1 1 1 2 2 2 1 1 2 1 1 1 1 2 2 2 1 2 2 2 1 1 1 1 1 1 1 2 1 2 1 1 1 1 1 1 1 1 1 1 1 1 1 1 1 1 1 1 1 1 1 1 1 1 1 1 1 1 1 1 1 1 1 1 1 1 1 1 1 1 1 1 1 1 1 2 1 1 2 1 2 1 1 1 2 2 2 2 1 1 2 1 1 2 1 2 2 2 1 2 2 2 1 1 1 1 1 1 1 2 1 1 1 1 1 1 1 1 1 1 1 1 1 1 1 1 1 1 1 1 1 1 1 1 1 1 1 1 1 1 1 1 1 1 1 1 1 1 1 1 1 1 1 1 1 1 1 2 1 1 1 1 1 1 1 1 1 2 1 1 1 2 1 1 2 1 2 2 2 1 2 2 2 1 1 1 2 1 2 2 1 2 1 1 1 1 1 1 1 1 1 1 1 1 1 1 1 1 1 1 1 1 1 1 1 1 1 1 1 1 1 1 1 1 1 1 1 1 1 1 1 1 1 1 1 1 1 1 1 1 1 1 1 1 1 1 2 1 2 1 1 1 1 1 1 2 1 1 2 1 1 1 2 1 2 2 1 2 2 2 1 2 2 1 1 1 1 2 1 2 2 1 1 1 1 1 1 1 1 1 1 1 1 1 1 1 1 1 1 1 1 1 1 1 1 1 1 1 1 1 1 1 1 1 1 1 1 1 1 1 1 1 1 1 1 1 1 1 1 1 1 1 1 1 1 1 1 1 1 1 1 1 1 1 1 1 1 1 2 1 1 2 1 2 2 2 2 3 2 3 3 1 1 3 3 1 2 2 3 2 3 3 1 2 2 3 3 1 2 2 3 1 2 2 1 2 2 1 2 3 2 1 2 2 1 2 2 1 2 2 2 1 2 2 1 2 2 1 1 2 2 1 2 2 1 2 2 2 1 2 2 1 2 2 1 2 2 2 1 2 2 1 2 2 1 1 2 2 1 2 2 1 2 2 2 1 2 2 1 2 2 1 2 2 2 1 2 2 1 2 2 1 1 2 2 1 2 2 1 2 2 2 1 2 2 1 2 2 1 2 2 2 1 2 2 1 2 2 1 1 2 2 1 2 2 1 2 2 2 1 2 2 1 2 2 1 2 2 2 1 2 2 1 2 2 1 1 2 2 1 2 2 1 2 2 2 1 2 2 1 2 2 1 2 2 2 1 2 2 1 2 2 1 1 2 2 1 2 2 1 2 2 2 1 2 2 1 2 2 1 2 2 2 1 2 2 1 2 2 1 1 2 2 1 2 2 1 2 2 2 1 2 2 1 2 2 1 2 2 2 1 2 2 1 2 2 1 1 1 1 1 1 1 1 1 2 1 1 1 1 1 1 1 1 1 1 1 1 1 1 1 1 1 1 1 1 1 1 1 1 1 1 1 1 1 1 1 1 1 1 1 1 1 1 1 1 1 1 1 1 1 1 1 1 1 1 1 1 1 1 1 1 1 1 1 1 1 1 1 
-----------seed: 162------------
 
-----------seed: 163------------
 1 2 1 2 1 1 1 1 1 2 1 1 1 2 1 1 1 2 1 1 1 2 1 1 1 2 1 1 1 2 1 1 1 2 1 1 1 2 1 1 1 2 1 1 2 1 1 1 1 1 1 1 2 1 1 1 1 1 1 1 1 1 1 1 2 1 1 2 1 1 1 1 2 1 1 2 1 1 1 2 1 1 1 1 2 1 1 1 2 1 1 1 1 1 1 1 1 1 1 1 1 1 1 1 1 1 1 1 1 1 1 1 1 1 1 1 1 
-----------seed: 164------------
 
-----------seed: 165------------
 
-----------seed: 166------------
 
-----------seed: 167------------
 1 1 2 1 1 1 2 1 1 
-----------seed: 168------------
 
-----------seed: 169------------
 1 1 2 1 1 2 1 1 2 1 1 1 1 1 2 1 1 2 1 1 2 1 1 2 1 1 1 1 1 1 1 1 1 1 1 1 1 2 1 1 2 1 1 1 2 1 1 1 1 1 1 1 1 1 1 1 2 1 1 1 1 1 1 2 1 2 2 1 2 2 1 2 2 2 1 2 2 1 2 2 1 2 1 2 2 1 2 1 2 2 2 2 1 2 2 1 2 2 1 1 2 2 1 2 2 1 2 2 1 1 1 1 1 1 1 1 1 1 1 1 1 1 1 1 1 1 
-----------seed: 170------------
 
-----------seed: 171------------
 1 1 1 2 1 2 1 1 1 1 2 1 2 1 1 1 2 1 1 2 1 1 1 2 1 2 1 1 2 1 2 1 1 1 2 1 1 2 1 1 1 2 1 2 1 1 1 1 2 1 2 1 1 1 1 2 1 2 1 1 1 2 1 1 2 1 1 1 2 1 2 1 1 1 1 2 1 2 1 1 1 1 2 1 2 1 1 1 2 1 1 2 1 1 1 2 1 2 1 1 1 1 2 1 2 1 1 1 1 2 1 2 1 1 1 2 1 1 2 1 1 1 2 1 2 1 1 1 1 2 1 2 1 1 1 1 2 1 2 1 1 1 2 1 1 2 1 1 1 2 1 2 1 1 1 1 2 1 2 1 1 1 1 2 1 2 1 1 1 2 1 1 1 1 1 1 2 1 2 1 1 1 1 1 1 1 1 1 1 1 1 1 1 1 1 1 1 1 1 1 1 1 1 1 1 1 1 1 1 1 1 1 1 1 1 1 1 1 1 1 1 1 1 1 1 1 1 1 1 1 1 1 1 1 1 1 1 1 1 1 1 1 1 1 1 1 1 1 1 1 1 1 1 1 1 1 1 1 1 1 1 
-----------seed: 172------------
 
-----------seed: 173------------
 2 1 2 1 1 1 1 1 1 1 1 1 2 1 1 2 1 1 1 1 1 2 1 2 1 1 1 1 1 1 1 1 1 2 1 1 1 2 1 2 1 1 1 1 1 1 1 1 1 1 1 1 1 1 1 1 1 1 1 1 1 2 1 1 1 1 1 1 2 1 1 1 1 1 1 2 1 1 1 1 1 1 2 1 1 1 1 1 1 1 1 2 1 2 1 2 1 1 1 1 2 1 2 1 2 1 2 1 1 1 1 2 1 2 1 2 1 2 1 1 1 1 1 1 1 1 
-----------seed: 174------------
 
-----------seed: 175------------
 1 2 1 1 1 2 1 1 2 1 2 1 1 2 1 1 1 2 2 1 1 1 2 1 1 2 1 2 1 1 2 1 1 1 2 1 1 1 1 2 1 1 2 1 1 1 1 2 1 1 1 2 1 1 1 1 2 1 1 2 1 1 1 1 1 1 1 1 1 1 1 1 1 1 1 1 1 1 1 1 1 1 1 1 1 1 1 1 1 1 1 1 1 1 1 1 1 1 1 
-----------seed: 176------------
 
-----------seed: 177------------
 
-----------seed: 178------------
 
-----------seed: 179------------
 
-----------seed: 180------------
 
-----------seed: 181------------
 1 2 1 1 1 2 1 1 1 1 1 2 1 1 2 1 1 2 
-----------seed: 182------------
 
-----------seed: 183------------
 1 1 2 1 1 1 2 1 1 2 2 2 1 1 2 1 1 1 1 2 2 2 1 2 2 2 1 1 2 1 2 1 1 2 1 2 1 1 2 1 1 2 1 1 2 1 1 2 1 1 1 2 1 1 2 2 2 1 1 2 1 1 1 1 2 2 2 1 2 2 2 1 2 1 2 2 2 2 1 2 2 1 2 2 1 2 2 2 1 2 1 2 1 1 1 2 1 1 1 1 2 2 2 1 2 2 2 2 2 2 1 2 2 2 1 2 2 2 2 2 1 2 2 2 1 2 1 2 2 2 2 1 2 2 2 2 2 1 2 2 2 1 2 2 1 1 1 1 1 2 1 2 2 2 1 2 2 2 2 1 1 2 2 1 2 2 2 2 1 2 2 2 2 1 2 2 2 1 2 2 2 2 2 2 1 2 2 2 1 2 1 2 2 2 1 2 2 2 2 2 1 2 2 2 2 1 2 2 1 2 2 1 2 2 2 1 2 2 2 2 1 2 2 2 1 1 2 1 2 2 1 2 2 2 1 1 1 2 1 1 1 2 1 1 1 1 1 1 1 1 1 1 1 1 1 1 1 1 1 1 1 2 1 1 1 2 1 1 1 1 1 1 1 1 1 1 1 1 1 1 1 1 1 1 1 1 1 1 1 1 1 1 1 1 1 1 1 
-----------seed: 184------------
 
-----------seed: 185------------
 1 2 1 2 1 1 1 2 1 1 2 1 1 1 2 1 2 1 1 1 1 2 1 2 1 1 1 1 2 1 2 1 1 1 2 1 1 2 1 1 1 2 1 2 1 1 2 1 2 1 2 1 1 1 1 2 1 1 1 2 1 2 1 1 1 1 2 1 2 1 1 1 1 2 1 2 1 1 1 2 1 1 2 1 1 1 2 1 2 1 1 1 1 2 1 2 1 1 1 1 2 1 2 1 1 1 2 1 1 2 1 1 1 2 1 2 1 1 1 1 2 1 2 1 1 1 1 2 1 2 1 1 1 2 1 1 2 1 1 1 2 1 2 1 1 1 1 2 1 2 1 1 1 1 2 1 2 1 1 1 2 1 1 2 1 1 1 2 1 2 1 1 1 1 1 1 2 1 1 1 1 1 1 1 1 1 1 1 1 1 1 1 1 1 1 1 1 1 1 1 1 1 1 1 1 1 1 1 1 1 1 1 1 1 1 1 1 1 1 1 1 1 1 1 1 1 1 1 1 1 1 1 1 1 1 1 1 1 1 1 1 1 1 1 1 1 1 1 1 1 1 1 1 1 1 1 1 1 1 1 1 
-----------seed: 186------------
 
-----------seed: 187------------
 2 1 1 2 1 2 1 1 1 
-----------seed: 188------------
 
-----------seed: 189------------
 1 1 1 2 1 1 2 1 1 1 1 2 1 1 1 2 1 1 1 1 2 1 1 2 1 1 2 1 2 1 1 2 1 1 1 2 1 2 1 1 2 1 1 2 1 1 1 1 1 1 1 1 1 1 2 1 1 2 1 1 1 1 1 2 1 1 2 1 1 2 1 1 1 1 2 1 1 1 2 1 1 1 1 2 1 1 2 1 1 1 1 1 2 1 1 2 1 1 1 1 2 1 1 1 2 1 1 2 1 2 1 1 1 2 1 1 2 2 1 1 1 2 1 1 2 1 2 1 1 1 2 1 1 2 1 2 1 1 2 1 1 2 1 1 1 1 1 2 1 1 2 1 1 1 1 2 1 1 1 2 1 1 1 1 2 1 1 1 2 1 1 1 2 1 1 1 2 1 1 2 1 2 1 1 1 2 1 1 2 1 2 1 1 2 1 1 1 2 1 2 1 1 2 1 1 1 2 1 1 1 1 1 1 1 1 1 1 1 1 1 1 1 1 1 1 1 1 1 1 1 1 1 1 1 1 1 1 1 1 1 1 1 1 1 1 1 1 1 1 1 1 1 1 1 1 1 1 1 1 1 1 1 1 1 1 1 1 1 1 1 1 1 1 1 1 1 1 1 1 1 1 1 1 1 1 1 1 1 1 1 1 2 1 1 2 1 1 1 2 1 2 2 3 1 2 1 
-----------seed: 190------------
 
-----------seed: 191------------
 1 1 2 1 1 2 1 1 1 1 1 2 1 1 2 1 1 2 1 1 2 1 1 2 1 1 2 1 1 2 1 1 2 1 1 2 
-----------seed: 192------------
 
-----------seed: 193------------
 1 2 1 1 2 1 1 1 2 1 2 1 1 2 1 1 2 1 2 1 1 1 2 1 1 2 1 2 1 1 2 1 1 1 2 1 1 1 1 2 1 1 2 1 1 1 1 2 1 1 1 2 1 1 1 1 2 1 1 2 1 1 1 1 2 1 1 1 2 1 1 2 1 2 1 1 2 1 1 1 2 2 1 1 1 2 1 1 2 1 2 1 1 2 1 1 1 2 1 1 1 1 2 1 1 2 1 1 1 1 1 1 1 1 1 1 1 1 1 1 1 1 1 1 1 1 1 1 1 1 1 1 1 1 1 1 1 1 1 1 1 1 1 1 1 1 1 1 1 1 1 1 1 1 1 1 1 1 1 1 1 1 1 2 1 1 1 1 1 1 1 
-----------seed: 194------------
 
-----------seed: 195------------
 
-----------seed: 196------------
 
-----------seed: 197------------
 1 1 2 1 1 2 1 1 1 1 1 2 1 1 2 1 1 2 1 2 1 1 2 1 1 1 2 2 1 1 2 1 1 1 2 1 1 1 2 1 1 1 2 1 1 2 1 2 2 2 1 2 2 2 1 2 2 2 1 2 2 1 2 2 2 1 2 2 1 2 2 2 2 1 2 2 2 1 2 2 1 2 2 1 2 2 2 1 2 2 1 2 1 2 2 1 2 2 1 1 1 1 2 1 1 1 1 1 1 1 1 1 1 1 1 1 1 1 1 1 1 1 1 1 1 1 
-----------seed: 198------------
 
-----------seed: 199------------
 1 1 1 2 1 1 2 1 1 1 2 1 1 1 2 1 1 1 1 1 1 2 1 1 1 2 1 1 1 2 1 1 1 2 1 1 2 1 1 1 2 1 1 1 2 1 1 1 2 1 1 2 1 1 1 2 1 1 1 2 1 1 1 1 2 2 2 1 2 2 2 2 1 2 2 1 2 2 1 2 2 2 1 2 2 2 2 1 2 2 1 2 2 1 2 2 2 1 2 2 1 2 2 1 2 2 1 2 2 2 1 2 2 2 2 1 2 2 1 2 2 1 2 2 2 1 2 2 1 2 2 1 2 2 1 2 1 2 1 1 2 1 2 2 1 1 1 1 1 1 1 1 1 1 1 1 1 1 1 1 1 1 1 2 1 1 1 1 1 1 1 
-----------seed: 200------------
 
-----------seed: 201------------
 1 1 2 1 1 1 2 1 1 1 2 1 1 2 1 1 1 1 1 1 1 1 2 1 1 2 1 1 1 1 1 1 1 1 1 1 2 1 1 1 2 1 1 2 1 2 2 2 1 2 2 2 2 1 2 1 2 2 2 1 2 2 2 1 2 2 2 1 2 2 2 1 2 1 2 2 2 2 1 2 2 1 2 2 2 1 2 2 1 2 1 2 2 2 2 1 2 2 2 1 2 2 2 2 1 2 2 2 2 2 1 2 2 2 1 2 2 1 1 1 2 1 2 1 1 2 1 1 1 1 1 1 1 1 1 1 1 1 1 1 1 1 1 1 
-----------seed: 202------------
 
-----------seed: 203------------
 1 1 2 1 1 2 1 2 1 2 1 2 2 2 1 2 2 2 1 1 2 1 2 1 1 2 1 2 1 1 2 1 1 2 1 1 1 2 1 1 2 1 1 2 1 2 1 1 1 2 1 1 1 2 1 2 2 2 1 2 2 2 1 1 2 2 1 2 2 1 2 2 1 1 2 1 1 1 1 1 1 2 1 2 2 2 2 1 1 2 2 2 2 1 2 2 2 1 2 1 2 2 2 1 2 2 2 2 1 2 2 1 2 2 1 2 2 2 1 2 2 2 2 1 2 2 1 1 1 2 1 2 2 1 2 2 2 2 2 1 1 2 1 1 2 2 2 2 1 2 2 2 2 1 2 2 2 1 2 2 2 2 2 2 1 2 2 2 1 2 2 2 2 2 1 2 2 2 1 2 2 2 2 1 2 2 1 2 2 1 2 2 2 1 2 2 2 2 2 2 1 2 2 2 1 2 2 1 2 2 1 2 2 2 1 2 1 2 1 1 1 2 1 1 1 1 1 1 1 1 1 1 1 1 1 1 1 1 1 1 1 1 1 1 1 2 1 1 1 1 1 1 2 1 2 2 2 2 1 1 2 2 2 2 1 2 2 2 1 2 1 2 2 2 1 2 2 2 2 2 2 1 2 2 2 1 2 2 2 2 1 2 2 2 2 1 2 2 2 1 2 2 2 2 1 2 1 2 2 2 1 2 2 2 1 2 1 2 2 2 1 2 2 2 2 1 2 2 1 2 2 1 2 2 2 1 2 2 2 2 1 2 1 2 2 2 1 2 2 2 1 2 1 2 2 2 1 2 2 2 1 1 1 2 1 2 2 1 2 1 1 1 1 1 1 1 1 1 1 1 1 1 1 1 1 1 1 1 1 1 1 1 1 1 1 1 1 1 2 1 1 1 1 1 1 1 2 2 2 2 1 2 2 2 1 2 2 2 2 1 2 2 2 1 2 2 2 2 1 2 2 2 2 1 2 2 2 1 2 2 2 2 2 2 1 2 2 2 1 2 1 2 2 2 1 2 2 2 1 2 1 2 2 2 2 1 2 2 2 1 2 2 2 2 1 2 2 2 2 1 2 2 2 1 2 2 2 2 2 2 1 2 2 2 1 2 1 2 2 2 1 2 2 2 2 1 2 2 2 1 2 2 1 2 2 1 2 2 2 1 2 2 2 2 2 2 1 2 2 2 1 2 1 2 2 2 1 2 2 2 1 1 1 1 2 1 2 2 1 1 1 2 1 2 1 1 1 1 1 1 1 1 1 1 2 1 1 1 1 1 1 1 1 1 1 1 1 1 1 1 1 1 1 1 1 1 1 1 1 1 1 1 1 1 1 1 1 1 1 1 1 1 1 1 2 1 1 1 1 1 1 1 
-----------seed: 204------------
 
-----------seed: 205------------
 1 1 2 1 1 2 1 1 1 1 2 1 1 1 2 1 1 2 1 2 1 1 2 1 1 1 2 2 1 1 1 2 1 1 2 1 2 1 1 2 1 1 1 2 1 1 1 1 2 1 1 2 1 1 1 1 2 1 1 1 2 1 1 1 1 2 1 1 2 1 1 1 1 2 1 1 1 2 1 1 2 1 2 1 1 2 1 1 1 2 2 1 1 1 2 1 1 2 1 1 1 1 1 1 1 1 1 1 1 1 1 1 1 1 1 1 1 1 1 1 1 1 1 1 1 1 1 1 1 1 1 1 1 1 1 1 1 1 1 1 1 1 1 1 1 1 1 1 1 1 1 1 1 
-----------seed: 206------------
 
-----------seed: 207------------
 1 2 1 2 1 1 1 1 1 
-----------seed: 208------------
 
-----------seed: 209------------
 2 1 1 1 2 1 1 2 1 1 1 1 2 1 1 2 1 1 1 1 1 2 1 1 2 1 1 1 2 1 1 1 2 1 1 1 1 1 1 2 1 1 1 2 1 1 2 1 1 1 2 1 1 1 1 1 1 2 1 1 1 2 1 1 2 1 1 1 2 1 1 1 1 1 1 2 1 1 1 2 1 1 2 1 1 1 2 1 1 1 1 1 1 2 1 1 1 2 1 1 2 1 1 1 2 1 1 1 1 1 1 2 1 1 1 2 1 1 2 1 1 1 2 1 1 1 1 1 1 2 1 1 1 2 1 1 2 1 1 1 2 1 1 1 1 1 1 2 1 1 1 2 1 1 2 1 1 1 2 1 1 1 1 1 1 2 1 1 1 2 1 1 2 1 1 1 2 1 1 1 1 1 1 2 1 1 1 2 1 1 2 1 1 1 2 1 1 1 1 1 1 2 1 1 1 2 1 1 2 1 1 1 2 1 1 1 1 1 1 2 1 1 1 2 1 1 2 1 1 1 2 1 1 1 1 2 1 1 2 1 1 1 2 2 1 1 1 2 1 1 1 2 1 1 2 1 1 1 2 1 1 2 1 1 1 2 1 1 1 2 1 1 2 1 1 1 2 1 1 2 1 1 1 2 1 1 1 2 1 1 2 1 1 1 2 1 1 2 1 1 1 2 1 1 1 2 1 1 2 1 1 1 2 1 1 2 1 1 1 2 1 1 1 2 1 1 2 1 1 1 2 1 1 2 1 1 1 2 1 1 1 2 1 1 2 1 1 1 2 1 1 2 1 1 1 2 1 1 1 2 1 1 2 1 1 1 2 1 1 2 1 1 1 2 1 1 1 2 1 1 2 1 1 1 2 1 1 2 1 1 1 2 1 1 1 2 1 1 1 2 1 1 2 1 1 
-----------seed: 210------------
 
-----------seed: 211------------
 1 2 1 1 1 2 1 2 1 2 1 1 1 2 1 1 2 1 1 1 1 1 1 1 1 2 1 1 1 2 1 2 1 1 1 1 1 2 1 1 1 2 1 1 2 1 2 1 1 2 1 1 1 2 2 1 1 2 1 1 1 2 1 1 1 2 1 1 1 2 1 1 1 1 2 1 1 2 1 1 1 1 1 2 1 1 2 1 1 2 1 1 2 1 1 2 1 1 1 1 2 1 1 1 2 1 1 2 
-----------seed: 212------------
 
-----------seed: 213------------
 1 2 1 1 1 2 1 1 2 1 2 1 1 2 1 1 1 2 1 1 1 1 2 1 1 2 1 1 1 1 1 1 1 1 1 1 
-----------seed: 214------------
 
-----------seed: 215------------
 
-----------seed: 216------------
 
-----------seed: 217------------
 1 1 2 1 1 1 2 1 1 1 1 2 1 1 2 1 1 1 1 1 2 1 1 1 1 1 1 3 2 3 1 1 2 1 1 1 2 2 3 2 3 3 1 2 2 3 3 1 2 2 3 2 3 3 2 2 3 2 3 3 1 2 2 2 3 3 1 2 2 3 2 1 1 2 2 2 3 3 1 2 2 3 2 1 2 2 2 3 2 3 1 2 2 3 2 3 3 1 2 2 2 1 2 3 3 1 2 2 1 1 1 1 1 1 1 1 2 
-----------seed: 218------------
 
-----------seed: 219------------
 1 2 1 2 1 1 1 1 1 1 2 2 2 1 2 1 1 2 2 1 2 1 1 1 2 1 2 2 1 2 2 2 2 1 2 2 1 2 2 1 2 2 2 1 2 1 2 1 1 2 1 2 1 1 1 2 2 1 2 2 2 1 2 1 1 2 1 1 2 1 1 1 1 1 1 2 1 1 2 1 1 1 2 2 2 1 2 2 2 1 2 1 2 1 1 1 2 1 2 2 1 2 2 2 2 1 2 2 1 2 2 1 2 2 2 1 2 1 1 2 1 1 1 2 1 2 2 1 1 2 1 1 2 1 1 1 2 1 2 2 1 2 2 2 2 2 2 1 2 1 1 2 1 1 1 1 1 1 2 1 2 2 2 2 2 1 2 1 1 1 2 2 1 2 2 2 1 2 2 2 2 2 2 1 2 2 2 1 2 2 1 2 2 2 1 2 2 2 1 1 1 2 1 1 1 2 1 1 2 2 2 1 2 2 2 1 2 2 1 2 2 2 1 2 2 1 2 2 2 1 2 2 2 1 2 2 1 2 2 2 1 2 2 2 1 2 2 1 2 2 2 1 2 2 1 2 1 1 1 2 1 2 2 1 2 2 2 2 1 2 1 2 2 2 1 2 2 2 1 2 2 1 2 2 2 1 2 2 1 2 2 2 1 2 2 2 1 2 2 1 2 2 2 1 2 2 2 2 1 2 2 1 2 2 1 1 1 1 1 1 1 1 1 2 2 2 2 1 2 1 1 2 1 1 1 1 1 1 2 1 2 2 1 1 1 1 1 1 1 1 1 1 1 1 1 1 1 1 1 1 1 2 1 1 2 1 1 2 1 2 2 2 1 2 1 1 1 2 1 2 1 2 2 1 2 2 2 2 2 2 1 2 1 1 2 1 1 1 1 1 1 2 1 2 2 1 1 1 1 2 1 1 2 1 
-----------seed: 220------------
 
-----------seed: 221------------
 2 1 1 2 1 1 1 2 1 2 1 1 2 1 1 2 1 1 2 1 1 2 1 1 2 1 1 1 1 1 2 1 1 2 1 1 1 1 1 2 1 1 1 1 1 1 2 1 1 1 2 1 1 1 1 1 1 1 2 1 1 2 1 1 1 1 1 1 1 1 1 1 1 1 2 1 1 1 2 1 1 2 1 1 1 2 1 1 1 2 1 1 2 1 1 1 2 1 1 1 1 1 1 2 1 1 1 2 1 1 1 1 1 1 1 1 1 1 1 1 1 1 1 1 1 1 
-----------seed: 222------------
 
-----------seed: 223------------
 
-----------seed: 224------------
 2 1 1 1 2 1 1 2 1 2 2 2 1 2 2 2 2 1 1 2 1 2 2 1 2 2 2 1 1 1 2 1 1 2 1 2 2 2 1 2 2 2 2 1 1 2 1 2 2 1 2 2 2 1 2 1 2 1 1 1 1 1 1 2 2 1 1 2 1 1 2 1 1 2 2 1 2 2 2 1 2 1 1 2 1 1 2 1 1 1 2 1 2 2 2 1 2 2 2 1 1 1 1 1 1 1 2 1 2 2 2 2 1 1 2 1 1 1 2 1 2 2 1 2 2 2 1 1 1 1 1 1 1 1 1 1 1 2 1 1 1 2 1 1 2 1 2 2 2 1 2 2 2 1 1 1 2 1 2 2 1 2 1 1 1 1 1 1 1 1 1 2 2 1 1 2 1 1 2 1 1 2 2 1 2 2 2 1 2 1 1 1 1 1 1 1 1 1 1 1 1 1 1 1 1 1 1 2 2 2 1 1 2 1 1 2 2 1 2 2 1 2 2 2 1 1 1 1 1 1 1 1 1 1 1 1 1 1 1 1 1 1 1 1 1 2 1 1 2 1 1 1 2 1 2 2 2 1 2 2 2 1 1 1 1 1 1 1 2 1 1 1 1 1 1 1 1 1 1 1 1 1 1 1 1 1 1 1 1 2 1 1 1 2 1 1 2 1 2 2 2 1 2 2 2 2 1 1 2 1 2 2 1 2 2 1 1 1 1 1 1 1 1 1 1 1 1 1 1 1 1 1 1 1 1 1 1 1 1 1 1 1 1 1 2 1 1 1 2 1 1 2 1 2 2 2 1 2 2 2 1 1 1 2 1 2 2 1 2 1 1 1 1 1 1 1 1 1 1 1 1 1 1 1 1 1 1 1 1 1 1 1 1 1 1 1 1 1 2 1 1 2 1 1 1 2 1 2 2 2 1 2 2 2 1 1 1 1 1 1 1 2 1 1 1 1 1 1 1 1 1 1 1 1 1 1 1 1 1 1 1 1 1 1 1 1 1 1 1 1 1 2 1 1 2 1 1 1 1 1 2 2 2 1 2 2 2 2 1 1 1 1 1 1 2 1 2 1 1 1 1 1 1 1 1 1 1 1 1 1 1 1 1 1 1 1 1 1 1 1 1 1 1 1 1 1 1 1 1 1 1 1 1 2 1 1 2 1 1 2 1 1 2 2 2 2 1 1 2 1 1 2 1 2 2 2 1 2 2 2 2 1 1 2 1 1 1 2 1 2 2 2 2 1 1 2 1 1 2 1 2 2 2 1 2 2 2 1 1 1 1 1 1 1 2 1 2 2 2 1 1 2 1 1 2 2 1 2 2 1 2 2 2 1 1 1 1 1 1 1 1 1 1 2 1 1 2 1 1 2 1 1 2 2 1 2 2 2 1 2 2 1 1 1 1 1 1 1 1 2 2 1 1 1 1 1 1 1 1 1 2 2 2 2 1 1 2 1 1 1 2 1 2 2 1 2 2 1 1 1 1 1 1 1 1 1 2 1 1 1 1 1 1 1 1 2 2 2 1 2 2 2 2 1 2 2 2 1 2 2 2 2 1 1 2 2 2 1 2 2 2 1 2 1 2 2 2 2 1 2 2 2 2 2 1 2 2 2 1 2 1 2 2 2 1 2 2 2 2 2 2 1 2 2 2 1 2 2 2 2 2 1 2 2 2 1 2 2 2 1 2 2 2 1 2 2 2 2 2 1 2 2 2 1 2 1 1 2 1 2 2 1 2 2 2 2 2 1 1 2 1 1 2 2 1 2 2 1 2 2 2 1 1 1 1 1 1 1 1 1 1 1 1 1 1 1 1 1 1 1 2 1 1 1 1 1 1 1 1 1 2 2 2 2 1 1 2 1 1 1 2 1 2 2 1 2 2 1 1 1 1 1 1 1 1 1 1 1 1 1 1 1 1 1 1 1 1 1 1 1 1 1 1 1 2 2 2 1 1 2 1 1 2 2 1 2 2 1 2 2 2 1 1 1 1 1 1 1 1 1 1 1 1 1 1 1 1 1 1 1 1 1 1 1 1 1 1 1 1 1 1 2 1 1 1 1 1 1 2 2 2 1 1 2 1 1 1 1 2 2 2 1 2 2 2 1 1 1 1 1 1 1 2 1 2 1 1 1 1 1 1 1 1 1 1 1 1 1 1 1 1 1 1 1 1 1 1 1 1 1 1 1 1 2 1 1 2 1 1 1 1 1 2 2 2 1 2 2 2 2 1 1 1 1 1 1 2 1 2 1 1 1 1 1 1 1 1 1 1 1 1 1 1 1 1 1 1 1 1 1 1 1 1 1 1 1 1 1 1 1 1 1 1 1 1 2 2 2 2 1 1 2 1 1 1 2 1 2 2 1 2 2 2 1 1 1 1 1 1 1 1 1 1 1 1 1 1 1 1 1 1 1 1 1 1 1 1 1 1 1 1 1 1 1 1 1 1 1 1 2 1 1 1 1 1 1 1 1 2 2 1 1 2 1 1 2 1 1 2 2 1 2 2 2 1 2 2 2 2 1 1 2 1 1 1 2 2 2 1 2 2 2 2 1 2 2 2 1 2 2 2 2 1 1 2 1 2 2 1 2 2 2 1 1 1 1 1 1 1 1 1 1 1 1 1 1 1 1 1 1 1 1 1 1 1 1 1 1 1 1 1 1 1 1 1 1 1 1 1 1 1 1 1 1 1 1 1 2 1 1 2 1 1 2 1 1 2 2 1 2 2 2 1 2 2 1 1 1 1 1 1 1 1 2 1 1 1 1 1 1 1 1 1 1 1 1 1 1 1 1 1 1 1 1 1 1 1 1 1 1 1 1 1 1 1 1 1 1 1 1 1 1 1 1 1 1 1 1 1 2 2 2 1 1 2 1 1 1 2 2 2 1 2 2 2 2 1 2 2 2 1 2 2 2 2 1 2 1 2 2 2 1 2 2 2 2 1 2 2 2 2 1 2 2 2 1 2 2 2 2 1 2 2 1 2 2 1 2 2 2 1 2 2 1 2 2 2 2 1 2 2 2 2 2 1 2 2 2 1 2 1 2 2 2 1 2 2 2 2 2 2 1 2 2 2 1 2 2 2 2 2 1 2 2 2 1 2 2 2 1 2 2 2 1 2 2 2 2 2 1 2 2 2 1 2 1 2 2 2 2 1 2 2 2 2 2 1 2 2 2 1 2 2 2 2 2 1 2 2 2 2 1 2 1 2 2 2 1 2 2 2 2 1 2 2 2 2 1 2 2 2 1 2 2 2 2 1 2 2 2 2 2 1 2 2 2 1 2 1 2 2 2 1 2 2 2 2 2 2 1 2 2 2 1 2 2 2 2 2 1 2 2 2 1 2 1 2 2 2 2 1 2 2 2 2 2 1 2 2 2 1 2 2 1 2 2 2 2 1 2 2 2 2 2 1 2 2 2 1 2 2 1 1 2 1 2 2 1 2 2 1 1 1 1 1 1 1 1 1 1 1 1 1 1 1 1 1 1 1 1 1 1 1 1 1 1 1 1 1 1 1 1 1 1 1 1 1 2 1 1 1 1 1 1 1 1 2 1 2 2 1 1 1 2 1 1 2 1 2 2 1 2 2 1 1 1 1 1 1 1 1 1 1 1 1 1 1 1 1 1 1 1 1 1 1 1 1 1 1 1 1 1 1 1 1 1 1 1 1 1 1 1 1 1 1 1 1 1 1 1 1 1 1 1 1 1 1 1 1 1 1 1 1 1 1 1 1 1 1 1 1 1 1 1 1 1 1 1 1 1 1 1 1 1 1 1 1 1 1 1 1 1 1 1 1 1 1 1 1 1 1 1 
-----------seed: 225------------
 
-----------seed: 226------------
 1 2 1 1 2 1 1 1 1 1 2 2 2 1 2 1 1 2 2 1 2 1 1 1 2 1 2 2 1 2 2 2 2 1 2 2 1 2 2 1 2 2 2 1 2 1 2 1 1 2 1 2 1 1 1 2 2 1 2 2 2 1 2 1 1 2 1 1 2 1 1 1 2 1 1 2 1 1 2 1 1 1 2 1 2 2 1 2 2 2 2 2 2 1 2 1 1 2 1 1 1 1 1 1 2 1 2 2 2 1 2 1 1 2 1 1 2 1 1 1 2 1 2 2 1 2 2 1 2 2 2 1 2 1 1 2 1 1 1 1 1 1 2 1 2 2 2 2 1 2 2 2 2 2 1 2 2 2 1 2 2 2 2 2 2 1 2 2 2 1 2 1 1 1 1 1 2 1 2 2 1 2 1 1 1 2 1 1 1 2 2 1 2 2 2 1 2 2 2 2 2 1 2 2 2 2 1 1 2 2 2 1 2 2 2 1 2 2 1 2 2 2 1 2 2 2 1 2 2 2 1 2 2 1 2 2 2 1 2 2 2 1 2 2 1 2 2 2 1 2 2 2 2 2 1 2 1 1 1 2 1 2 2 1 2 2 2 2 1 2 1 2 2 2 1 2 2 2 1 1 2 2 2 2 1 2 2 2 2 2 1 2 2 2 1 2 2 1 2 2 2 1 2 2 2 1 2 2 2 1 2 2 2 1 2 2 1 2 2 2 1 2 2 2 1 2 2 1 2 2 2 1 2 1 1 2 1 1 1 2 1 2 2 1 2 2 1 2 2 2 1 1 1 1 1 1 1 1 1 1 1 1 1 1 1 1 1 1 1 1 2 1 1 2 1 1 1 1 1 2 1 1 1 2 1 1 2 2 2 1 2 2 2 1 2 2 1 2 1 1 2 1 1 1 2 1 1 2 1 2 2 1 2 2 2 2 2 1 2 1 1 1 1 2 2 2 1 2 2 2 2 1 2 1 2 2 2 1 2 2 2 1 2 2 1 2 2 2 1 2 1 1 2 1 1 1 2 1 2 2 1 2 2 1 2 2 2 1 1 1 1 1 1 1 1 1 1 1 2 2 2 2 1 2 1 1 2 1 2 2 2 1 2 2 2 2 2 2 1 2 2 2 1 2 2 2 2 1 2 2 2 2 1 2 1 2 2 2 1 2 2 2 1 2 2 1 2 2 2 1 2 1 1 1 2 1 2 2 1 2 1 1 1 1 1 1 1 1 1 1 1 1 1 1 1 1 1 1 2 2 2 1 2 1 1 1 1 2 2 2 1 2 2 2 2 1 2 2 2 1 2 2 2 2 1 2 1 2 2 2 1 2 2 2 2 1 2 2 2 2 1 2 2 2 2 2 1 2 2 2 1 2 2 1 2 2 2 1 2 2 2 2 2 1 2 2 1 2 2 1 1 2 2 2 1 2 2 2 1 2 1 2 2 2 2 1 2 2 2 2 1 2 2 2 1 2 2 2 2 2 2 1 2 2 2 1 1 2 2 2 1 2 2 2 2 2 2 1 2 2 2 1 2 2 2 1 2 2 1 2 2 2 1 2 2 2 1 2 2 2 1 2 2 1 2 2 2 1 2 2 2 2 1 2 2 1 2 2 1 2 1 1 1 2 1 1 1 2 1 1 2 2 2 1 2 2 2 1 2 1 2 2 2 2 1 2 2 2 1 2 2 2 2 1 2 2 2 2 1 2 2 2 1 2 2 2 2 2 2 1 2 2 2 1 1 2 2 2 1 2 2 2 2 2 2 1 2 2 2 1 2 2 2 1 2 2 1 2 2 2 1 2 1 2 2 2 1 2 2 1 2 2 2 1 2 2 2 1 2 2 2 2 2 1 2 2 2 2 2 1 2 2 2 1 2 2 2 2 2 1 2 2 2 2 1 2 2 2 2 1 2 2 2 1 2 2 1 2 2 2 1 2 2 2 1 2 2 2 1 2 2 1 2 2 2 1 2 2 2 1 2 2 1 2 2 2 1 2 2 2 1 2 1 2 2 1 2 2 1 2 2 1 1 1 1 1 1 2 1 1 1 1 1 1 1 1 1 1 1 1 1 1 1 1 1 1 1 1 1 1 1 1 1 1 1 1 1 1 1 1 1 1 1 1 1 1 1 1 1 1 1 1 1 1 1 1 2 1 1 1 1 1 1 2 2 2 1 2 2 2 1 2 1 2 2 2 2 1 2 2 2 1 2 2 2 2 1 2 2 2 2 2 1 2 2 2 1 2 2 2 2 2 1 2 2 2 2 1 2 2 2 1 2 2 2 2 1 1 2 2 2 1 2 2 2 1 2 1 2 2 2 2 1 2 2 2 2 1 2 2 2 1 2 2 1 2 2 2 1 2 2 2 1 1 2 2 1 2 2 1 2 2 2 2 2 1 2 2 2 1 2 2 1 2 2 2 1 2 2 2 2 1 2 2 2 2 1 2 2 2 2 2 1 2 2 2 1 2 2 2 2 2 1 2 2 2 2 2 1 2 2 2 1 2 2 2 2 2 2 1 2 2 2 1 2 2 2 1 2 2 2 1 2 2 1 2 2 2 1 2 2 2 1 2 2 1 2 2 2 1 2 2 1 2 2 1 2 2 1 2 2 2 2 1 2 2 2 1 2 2 1 1 1 1 2 1 2 2 1 1 1 1 2 1 2 1 1 1 1 1 1 1 1 1 1 1 1 1 1 1 1 1 1 1 1 1 1 1 1 1 1 1 1 1 1 1 1 1 1 1 1 1 1 1 1 1 1 1 1 1 1 1 1 1 1 1 1 1 1 1 1 1 1 1 1 1 1 1 1 1 1 1 1 1 1 1 1 2 1 2 1 1 1 1 1 1 1 1 1 1 1 1 1 1 1 1 1 1 1 1 1 1 1 1 1 1 1 1 1 1 1 1 1 1 1 1 1 1 1 1 1 1 1 1 1 1 1 1 1 1 1 1 1 1 1 1 1 2 1 1 1 1 1 1 1 1 1 1 1 1 1 1 1 1 1 1 1 1 1 1 1 1 1 1 1 1 1 1 1 1 1 1 1 1 1 1 1 1 1 1 1 1 1 1 1 1 1 1 1 1 1 1 1 1 1 1 1 2 1 2 1 1 1 1 1 1 1 1 1 1 1 1 2 1 1 1 1 1 1 1 1 1 1 1 1 1 1 1 1 1 1 1 1 1 1 1 1 1 1 1 1 1 1 1 1 1 1 1 1 1 1 1 1 1 1 1 1 1 1 1 1 1 1 1 1 1 1 1 1 2 1 1 1 1 1 1 1 1 1 1 1 1 1 1 1 1 1 1 1 1 1 1 1 1 1 1 1 1 1 1 1 1 1 1 1 1 1 1 1 1 1 1 1 1 1 1 1 1 1 1 1 1 1 1 1 1 1 1 1 1 1 1 1 1 1 1 1 1 1 1 1 2 1 1 2 1 2 1 1 1 2 2 1 2 2 1 2 2 1 1 2 2 1 2 2 1 2 2 2 1 2 2 1 2 2 1 2 2 2 1 2 2 1 2 2 1 1 2 2 1 2 2 1 2 2 2 1 2 2 1 2 2 1 2 2 2 1 2 2 1 2 2 1 1 2 2 1 2 2 1 2 2 2 1 2 2 1 2 2 1 2 2 2 1 2 2 1 2 2 1 1 2 2 1 2 2 1 2 2 2 1 2 2 1 2 2 1 2 2 2 1 2 2 1 2 2 1 1 2 2 1 2 2 1 2 2 2 1 2 2 1 2 2 1 2 2 2 1 2 2 1 2 2 1 1 2 2 1 2 2 1 2 2 2 1 2 2 1 2 2 1 2 2 2 1 2 2 1 2 2 1 1 2 2 1 2 2 1 2 2 2 1 2 2 1 2 2 1 2 2 2 1 2 2 1 2 2 1 1 1 2 1 2 2 1 2 2 1 1 1 1 1 1 1 1 1 1 1 1 1 1 1 1 1 1 1 1 1 1 1 1 1 1 1 1 1 1 1 1 1 1 1 1 1 1 1 1 1 1 1 1 1 1 1 1 1 1 1 1 1 1 1 1 1 1 1 1 1 1 1 
-----------seed: 227------------
 
-----------seed: 228------------
 