5 4 5 4 5 6 1 2 3 2 2 3 2 3 4 3 4 3 3 1 2 2 3 3 2 3 4 2 3 2 2 3 3 3 4 1 1 1 1 2 1 2 2 3 1 4 1 2 1 2 1 2 2 1 1 2 1 1 1 2 1 2 3 
-----------seed: 0 end------------


1 2 3 4 1 1 2 1 2 3 4 3 4 4 4 5 4 5 2 3 4 1 2 2 3 2 3 3 4 1 2 3 1 2 2 3 2 3 1 2 2 3 2 2 3 1 2 2 1 2 1 1 2 1 1 2 3 4 1 2 1 1 1 1 2 1 1 2 1 1 1 2 
-----------seed: 1 end------------


3 2 3 3 4 1 2 3 4 3 3 3 4 3 4 5 1 2 1 1 2 2 3 3 2 3 4 1 1 1 1 1 1 2 1 1 3 2 3 4 1 1 1 1 1 
-----------seed: 2 end------------


3 4 1 2 3 4 1 2 2 5 3 4 5 1 2 2 3 2 2 3 3 2 3 4 2 3 3 2 1 1 1 2 2 1 1 1 4 1 1 1 1 1 1 1 1 
-----------seed: 3 end------------


2 3 4 1 2 2 3 4 2 4 3 4 4 5 6 4 5 6 3 4 1 2 2 3 2 3 4 4 1 2 3 1 2 2 3 3 3 1 2 2 3 2 2 3 3 2 2 1 2 1 1 2 1 2 2 3 4 3 4 3 4 1 2 2 1 1 1 2 1 1 1 1 
-----------seed: 4 end------------


3 4 1 2 3 4 1 1 2 4 3 4 5 1 2 2 3 2 3 3 2 3 4 2 3 3 4 1 1 2 1 1 1 1 1 2 1 1 1 1 1 1 1 2 2 
-----------seed: 5 end------------


4 1 2 2 3 2 3 2 3 4 4 5 6 4 5 6 1 2 1 2 2 3 2 3 4 3 4 1 2 1 2 2 3 3 2 3 3 3 4 5 4 5 4 5 1 2 1 1 2 1 2 1 2 3 2 1 1 2 1 1 1 1 2 1 2 1 1 2 1 1 2 1 1 2 2 2 1 2 2 2 1 
-----------seed: 6 end------------


6 1 2 3 4 1 1 2 1 4 3 4 3 4 4 4 5 4 3 2 3 4 1 2 2 3 2 3 3 4 1 2 3 1 2 2 2 2 3 1 2 2 3 2 2 2 1 2 2 1 2 1 1 2 1 1 2 3 4 1 2 1 1 1 1 2 1 1 2 1 1 1 
-----------seed: 7 end------------


5 4 5 4 5 6 1 2 3 2 2 3 2 3 4 3 4 3 2 1 2 2 3 3 2 3 4 5 3 4 1 2 3 3 1 2 1 1 1 1 1 2 2 3 3 2 3 1 1 1 1 1 2 1 1 2 1 1 2 1 1 2 1 1 2 1 2 1 1 1 1 2 2 1 1 1 1 1 1 2 1 2 1 2 1 2 2 2 1 2 
-----------seed: 8 end------------


6 4 5 6 1 2 3 4 1 3 2 3 4 3 4 3 4 4 2 2 3 3 2 3 4 1 2 4 5 6 4 5 1 2 1 2 1 1 1 2 3 3 4 3 3 2 1 2 1 1 2 1 2 2 1 1 2 1 2 2 3 1 1 1 1 1 1 2 1 2 2 1 1 2 1 1 1 1 2 2 1 
-----------seed: 9 end------------


3 4 1 1 1 1 1 1 1 3 4 5 4 5 4 5 6 1 4 1 2 2 3 2 3 4 3 2 1 2 1 2 2 3 3 2 3 4 5 3 4 1 2 3 3 1 2 1 2 2 3 1 2 2 1 2 3 2 3 1 2 1 2 2 1 1 2 1 2 3 1 1 1 1 2 1 1 2 1 1 2 
-----------seed: 10 end------------


6 1 2 3 4 1 1 1 2 4 3 4 3 4 4 5 6 4 3 3 2 3 1 2 2 3 2 5 4 5 1 2 1 2 1 2 2 1 2 3 4 3 3 4 5 2 1 2 1 1 1 1 1 1 2 1 2 2 2 1 1 2 1 2 1 1 1 1 1 1 2 1 2 1 1 1 1 1 1 2 1 
-----------seed: 11 end------------


2 3 4 1 1 1 1 2 1 3 4 5 1 2 3 2 3 4 3 1 2 3 4 2 3 3 4 4 3 4 4 5 6 4 5 1 2 2 3 3 1 2 2 3 4 2 2 3 2 2 3 3 3 4 2 1 1 1 2 1 2 2 3 
-----------seed: 12 end------------


6 1 2 3 4 1 1 2 1 4 3 4 3 4 5 4 5 4 2 3 4 1 2 2 3 2 3 2 2 3 1 2 3 1 2 3 1 2 2 3 3 4 5 3 4 3 1 1 1 1 2 2 1 1 2 3 3 3 3 2 3 3 3 3 3 4 4 2 1 2 2 2 1 1 1 2 1 2 2 2 2 1 2 1 1 1 1 1 1 1 
-----------seed: 13 end------------


5 4 5 4 5 6 1 2 3 2 2 3 2 3 4 3 4 3 2 1 2 2 3 3 2 3 4 5 3 4 1 2 3 3 1 2 1 2 2 3 1 2 2 3 3 3 2 3 1 2 1 2 1 1 1 2 1 2 3 1 1 2 1 2 1 1 2 1 1 2 1 2 
-----------seed: 14 end------------


2 3 4 1 1 1 2 1 1 4 3 4 4 5 6 4 5 6 3 4 1 2 2 3 2 3 4 1 2 1 2 1 2 2 3 3 3 4 3 3 4 4 5 6 4 1 1 2 1 1 2 1 2 1 1 1 1 1 2 1 2 1 1 1 1 1 1 1 1 1 1 1 1 2 1 1 2 1 1 2 1 2 2 1 1 2 1 1 1 1 1 2 1 2 1 2 2 2 1 
-----------seed: 15 end------------


4 5 4 5 6 1 2 3 4 2 3 2 3 4 3 4 3 4 1 2 2 3 3 2 3 4 1 3 4 1 2 3 3 1 2 1 2 2 3 1 2 2 3 4 3 1 1 2 1 1 2 1 1 2 1 1 2 1 1 1 2 1 2 
-----------seed: 16 end------------


4 1 2 3 4 1 2 1 1 3 4 5 1 2 2 3 2 3 3 3 2 3 4 2 3 3 4 2 1 1 1 2 2 1 1 2 1 1 1 1 1 1 1 1 1 
-----------seed: 17 end------------


3 4 1 2 2 3 4 2 3 3 4 4 4 5 4 5 6 1 4 1 2 2 3 2 3 4 3 1 2 3 1 2 2 3 3 2 1 2 2 3 2 2 3 3 3 2 1 2 1 1 2 1 2 2 
-----------seed: 18 end------------


3 4 1 2 1 1 1 2 1 3 4 4 5 6 4 5 6 1 4 1 2 2 3 2 3 4 3 2 1 2 1 2 2 3 3 2 4 3 3 4 4 4 5 4 5 2 3 1 1 2 1 2 1 2 1 1 2 1 1 2 1 2 1 
-----------seed: 19 end------------


5 6 1 2 3 4 1 1 1 3 4 3 4 3 4 4 5 6 3 3 2 3 4 1 2 2 3 6 4 5 1 2 1 2 1 2 1 2 3 3 4 3 3 4 4 1 1 2 1 2 2 2 3 1 1 2 1 2 1 1 2 1 1 1 2 1 1 1 1 1 1 1 1 1 2 1 1 1 2 1 1 2 1 1 1 1 1 1 1 1 2 1 2 1 2 2 2 1 2 
-----------seed: 20 end------------


5 4 5 6 1 2 3 4 1 2 2 3 4 3 4 3 4 5 2 1 2 2 3 3 2 3 4 4 1 2 2 3 3 4 1 2 1 1 1 2 2 3 3 4 5 1 1 1 1 1 2 1 1 1 1 1 2 1 1 2 1 2 2 1 2 1 1 1 1 2 1 1 1 1 1 1 1 2 1 1 1 2 1 2 2 2 1 2 2 2 
---------------------
4 5 6 4 5 6 1 2 3 2 2 3 2 3 4 3 4 3 2 1 2 2 3 3 2 3 4 3 3 4 5 6 4 5 1 2 2 3 3 1 1 2 1 2 3 2 1 2 1 1 2 1 1 1 1 1 1 1 1 2 2 1 2 1 1 2 1 1 2 1 1 2 1 2 1 1 2 1 1 1 1 
-----------seed: 0 end------------


1 2 3 4 1 2 1 1 2 3 4 3 4 4 5 6 4 5 2 3 4 1 2 2 3 2 3 5 1 2 1 2 1 2 2 3 2 3 4 3 3 4 5 4 5 1 1 1 1 1 1 1 1 2 1 2 1 1 2 1 1 2 1 1 2 1 1 1 2 1 1 2 1 2 1 2 2 2 1 2 2 1 1 1 1 1 2 1 1 1 
-----------seed: 1 end------------


2 3 4 1 1 1 1 1 1 4 3 4 4 4 5 4 5 6 3 4 1 2 2 3 2 3 4 4 1 2 3 1 2 2 3 3 3 1 2 2 3 2 2 3 3 2 2 1 2 1 1 2 1 2 2 3 4 1 2 1 1 1 2 2 1 1 2 1 1 1 2 1 
-----------seed: 2 end------------


5 4 5 6 1 2 3 4 1 2 3 2 3 3 4 3 4 5 1 2 2 3 3 2 3 4 1 2 3 1 2 2 3 2 1 2 2 1 1 2 1 1 2 1 2 4 4 5 6 4 5 1 2 2 
-----------seed: 3 end------------


2 3 4 1 1 1 1 1 2 4 3 4 4 5 6 4 5 6 2 3 1 2 2 3 2 3 4 5 1 2 1 2 1 2 2 3 2 3 4 3 3 4 5 4 5 2 1 1 2 1 1 2 1 2 1 1 1 1 1 1 1 1 2 1 2 1 2 1 1 2 1 1 1 1 1 1 2 1 2 1 1 2 2 2 1 1 1 1 1 1 1 1 2 1 2 1 2 2 2 
-----------seed: 4 end------------


5 4 5 4 5 6 1 2 3 2 2 3 2 3 4 3 4 3 2 1 2 2 3 3 2 3 4 5 3 4 1 2 3 3 1 2 1 1 1 1 1 2 2 3 3 3 1 1 1 1 1 1 2 1 2 1 1 2 1 1 2 1 2 1 1 1 2 1 2 1 2 1 1 1 1 1 1 1 2 1 1 1 1 1 1 2 1 2 2 1 
-----------seed: 5 end------------


5 6 4 5 6 1 2 3 4 2 3 2 3 4 3 4 3 4 1 2 2 3 3 2 3 4 1 4 4 5 6 4 5 1 2 1 2 3 1 2 1 2 3 4 3 1 2 1 2 3 1 2 3 1 2 1 1 1 2 1 1 2 1 2 1 1 2 1 1 1 2 1 
-----------seed: 6 end------------


3 4 1 1 2 1 1 2 1 3 4 4 5 6 4 5 6 1 4 1 2 2 3 2 3 4 3 2 1 2 1 2 2 3 3 2 4 3 3 4 4 5 6 4 5 1 2 1 1 2 1 2 1 2 1 1 2 1 2 3 2 3 1 1 2 1 1 2 1 2 1 2 1 2 1 1 2 1 1 1 1 1 2 1 1 2 1 1 1 1 
-----------seed: 7 end------------


6 1 2 3 4 1 1 1 1 4 3 4 3 4 4 5 6 4 3 2 3 4 1 2 2 3 2 3 3 4 1 2 3 1 2 2 2 2 3 1 2 2 3 2 2 1 2 2 1 2 1 1 1 2 1 1 2 3 4 4 1 2 1 
-----------seed: 8 end------------


4 1 2 1 1 2 1 1 1 2 2 3 2 3 3 4 1 2 4 2 3 3 4 5 3 4 5 2 1 1 1 2 2 3 3 2 1 1 1 1 1 2 1 1 1 2 3 4 2 3 4 1 1 1 
-----------seed: 9 end------------


6 4 5 6 1 2 3 4 1 3 2 3 4 3 4 3 4 4 2 2 3 3 2 3 4 1 2 4 5 6 4 5 1 2 1 2 3 1 2 1 2 3 4 3 3 2 1 2 3 1 2 3 1 2 1 2 1 1 2 1 1 1 1 1 1 2 1 1 2 1 1 2 
-----------seed: 10 end------------


4 1 1 2 1 1 2 1 1 4 5 4 5 4 5 6 1 2 1 2 2 3 2 3 4 3 4 1 2 1 2 2 3 3 2 3 4 3 4 3 4 1 2 3 1 1 1 1 1 1 1 1 1 2 1 1 1 1 1 1 1 1 1 3 1 2 2 3 2 2 3 3 2 1 1 2 1 1 2 1 2 2 1 2 2 2 1 2 1 2 
-----------seed: 11 end------------


3 4 1 1 2 1 2 1 2 1 2 2 3 2 3 3 4 1 3 4 2 3 3 4 5 3 4 2 2 1 1 1 2 2 3 3 1 1 1 1 1 1 1 1 1 2 2 3 4 2 3 4 1 1 
-----------seed: 12 end------------


5 6 4 5 6 1 2 3 4 2 3 2 3 4 3 4 3 4 1 2 2 3 3 2 3 4 1 4 5 4 5 4 5 1 2 1 1 1 1 1 2 3 3 4 3 1 1 1 1 2 1 1 1 1 1 1 2 1 1 2 1 2 2 2 1 1 2 1 2 2 3 1 2 2 1 2 1 2 1 1 1 1 2 1 2 1 2 2 2 1 
-----------seed: 13 end------------


3 2 3 3 4 1 2 3 4 3 3 4 5 3 4 5 1 2 3 1 2 2 3 3 2 3 4 2 3 2 2 3 3 3 4 1 1 1 2 1 2 2 2 3 1 4 5 6 4 5 1 2 2 1 1 1 1 2 1 1 1 2 3 
-----------seed: 14 end------------


3 4 1 2 3 4 1 2 1 5 3 4 5 1 2 2 3 2 2 3 3 2 3 4 2 3 3 2 1 1 1 2 2 1 1 1 4 1 1 1 1 1 1 1 1 
-----------seed: 15 end------------


2 3 4 1 2 2 3 4 2 4 3 4 4 5 6 4 5 6 3 4 1 2 2 3 2 3 4 1 2 1 2 1 2 2 3 3 3 4 3 3 4 4 5 6 4 1 1 2 1 1 2 1 2 1 1 2 1 1 2 1 2 1 1 2 1 1 2 1 1 1 1 2 
-----------seed: 16 end------------


1 2 3 4 1 1 1 1 1 3 4 3 4 4 5 6 4 5 2 3 4 1 2 2 3 2 3 5 1 2 1 2 1 2 2 3 3 3 4 3 3 4 5 4 5 1 1 1 1 1 1 1 1 1 2 1 2 2 3 1 1 1 1 2 2 3 1 1 1 1 2 1 2 1 1 1 1 2 1 1 2 2 2 2 1 2 2 2 1 2 
-----------seed: 17 end------------


1 2 3 4 1 1 2 1 2 3 4 3 4 5 4 5 4 5 2 3 4 1 2 2 3 2 3 3 4 1 2 3 1 2 2 3 2 3 1 2 2 3 2 2 3 2 2 1 2 1 1 1 2 1 1 2 3 4 4 1 2 1 2 1 1 2 1 1 2 1 1 1 
-----------seed: 18 end------------


2 3 3 4 1 2 3 4 1 3 3 4 3 4 5 1 2 2 1 2 2 3 3 2 3 4 2 1 1 1 1 1 2 2 1 1 3 2 3 1 1 1 1 1 1 
-----------seed: 19 end------------


5 6 1 2 3 4 1 2 2 3 4 3 4 3 4 5 4 5 3 3 2 3 4 1 2 2 3 2 3 3 1 2 1 2 1 2 1 2 2 3 3 4 5 3 4 2 1 2 2 3 1 2 1 1 1 1 1 1 2 1 1 2 1 1 1 1 2 1 1 2 1 1 2 1 1 1 1 1 1 1 1 
-----------seed: 20 end------------


5 6 4 5 6 1 2 3 4 2 3 2 3 4 3 4 3 4 1 2 2 3 3 2 3 4 1 2 3 2 2 3 3 4 1 2 2 1 1 2 1 2 2 3 1 4 4 5 6 4 5 1 2 2 1 2 1 1 1 1 1 1 2 
-----------seed: 21 end------------


6 4 5 6 1 2 3 4 1 3 2 3 4 3 4 3 4 4 2 2 3 3 2 3 4 1 2 5 4 5 4 5 1 2 1 2 2 1 2 1 2 3 4 3 3 1 1 2 1 1 2 1 2 1 1 1 2 1 1 2 1 1 1 2 1 2 2 2 1 2 1 1 
-----------seed: 22 end------------


3 4 1 1 2 1 2 1 2 3 4 5 4 5 4 5 6 1 1 2 2 3 3 2 3 4 2 1 2 1 2 2 3 3 2 3 3 4 1 2 2 3 3 4 1 2 2 3 1 2 2 3 3 4 2 3 1 2 1 2 1 1 2 2 1 2 3 1 1 2 1 2 2 1 1 1 1 2 1 2 1 
-----------seed: 23 end------------


3 4 1 2 1 1 1 2 1 1 2 2 3 2 3 3 4 1 3 4 2 3 3 4 5 3 4 1 2 2 1 1 2 2 3 3 3 4 4 4 4 1 1 2 2 2 3 2 2 2 3 4 4 4 2 2 3 4 3 4 5 2 1 1 1 1 1 1 1 1 1 2 2 3 4 2 3 4 1 1 1 
-----------seed: 24 end------------


2 3 3 4 1 2 3 4 1 3 4 5 3 4 5 1 2 2 1 2 2 3 3 2 3 4 2 2 2 2 1 1 1 1 2 2 2 3 4 1 1 1 1 1 1 
-----------seed: 25 end------------


4 1 2 3 4 1 2 2 3 3 4 5 1 2 2 3 2 3 3 3 2 3 4 2 3 3 4 2 1 1 2 2 1 1 1 2 4 4 2 3 4 4 4 4 1 2 1 2 2 3 2 2 2 3 1 2 3 4 2 3 4 3 4 1 1 1 1 1 1 1 1 1 
-----------seed: 26 end------------


4 1 2 2 3 4 2 3 4 2 2 3 2 3 3 4 1 2 4 2 3 3 3 4 3 4 5 1 1 1 1 2 2 3 3 2 1 1 1 1 1 1 1 1 2 2 2 3 2 3 4 1 1 1 
-----------seed: 27 end------------


2 3 3 4 1 2 3 4 1 3 4 5 3 4 5 1 2 2 1 2 2 3 3 2 3 4 2 1 1 1 1 1 1 2 2 1 4 2 3 4 1 1 1 1 1 
-----------seed: 28 end------------


5 6 1 2 3 4 1 2 2 3 4 3 4 3 4 4 5 6 3 3 2 3 4 1 2 2 3 3 3 3 4 1 2 3 1 2 1 2 2 3 1 2 2 3 2 1 2 1 2 2 1 2 1 1 1 1 1 2 3 4 3 4 3 1 2 1 2 1 1 1 2 1 
-----------seed: 29 end------------


3 2 3 3 4 1 2 3 4 3 4 3 4 3 4 5 1 2 1 2 2 3 3 2 3 4 2 1 2 1 1 1 2 1 1 1 2 3 4 1 1 1 1 1 1 
-----------seed: 30 end------------


1 2 3 4 1 2 2 3 2 3 4 3 4 4 5 6 4 5 2 3 4 1 2 2 3 2 3 5 1 2 1 2 1 2 2 3 2 3 4 3 3 4 5 4 5 1 2 1 2 1 1 2 1 2 2 1 1 2 1 1 2 1 1 2 1 2 1 2 1 1 2 1 2 1 2 1 2 2 2 1 2 
-----------seed: 31 end------------


5 4 5 6 1 2 3 4 1 3 2 3 4 3 4 3 4 4 2 2 3 3 2 3 4 1 2 2 2 3 3 3 4 1 2 3 1 2 1 2 2 3 1 2 2 1 1 1 2 1 2 2 1 2 1 1 2 1 1 2 3 4 1 
-----------seed: 32 end------------


2 3 4 1 1 2 1 1 2 4 3 4 5 4 5 4 5 6 3 4 1 2 2 3 2 3 4 1 2 1 2 1 2 2 3 3 3 3 4 5 3 4 1 2 3 2 1 1 1 1 1 1 1 2 2 1 2 2 3 1 1 1 1 1 1 2 1 2 1 1 2 1 1 2 1 1 1 2 1 2 1 2 1 2 2 2 1 1 1 1 
-----------seed: 33 end------------


3 4 1 1 2 1 2 1 2 3 4 4 5 6 4 5 6 1 4 1 2 2 3 2 3 4 3 2 1 2 1 2 2 3 3 2 4 3 3 4 4 5 6 4 5 1 2 2 3 1 1 1 2 3 3 1 1 1 2 1 2 1 1 2 2 1 2 1 1 2 1 2 2 2 1 2 1 1 1 1 2 1 1 1 1 1 2 1 1 1 
-----------seed: 34 end------------


5 6 1 2 3 4 1 1 1 3 4 3 4 3 4 5 4 5 3 3 2 3 4 1 2 2 3 2 3 3 1 2 1 2 1 2 1 2 2 3 3 4 5 3 4 2 1 2 1 1 2 1 2 2 3 1 1 2 1 2 3 2 3 1 1 2 1 2 1 1 2 1 1 1 2 1 1 1 2 1 1 
-----------seed: 35 end------------


5 6 4 5 6 1 2 3 4 2 3 2 3 4 3 4 3 4 1 2 2 3 3 2 3 4 1 4 5 4 5 4 5 1 2 1 1 1 1 2 1 2 3 4 3 2 1 1 2 1 2 1 1 1 2 1 2 2 1 2 2 2 1 2 1 1 2 1 1 1 1 1 2 1 1 2 1 1 1 1 1 
-----------seed: 36 end------------


3 4 1 2 3 4 1 1 1 3 4 5 3 4 5 1 2 3 5 1 2 3 1 2 3 4 2 3 4 3 4 3 4 4 5 6 3 4 1 2 2 3 3 1 2 2 3 1 2 2 3 2 2 3 2 1 1 2 1 1 1 2 1 
-----------seed: 37 end------------


5 4 5 6 1 2 3 4 1 2 3 3 4 3 4 3 4 5 3 1 2 3 3 2 1 2 2 4 5 3 4 1 2 3 3 1 2 2 1 1 1 1 2 2 3 2 3 3 3 3 3 1 1 1 2 2 2 2 2 3 3 4 3 2 2 2 3 3 3 4 4 2 1 1 1 1 1 1 1 2 1 
-----------seed: 38 end------------


1 2 3 4 1 2 1 1 1 3 4 3 4 5 4 5 4 5 2 3 4 1 2 2 3 2 3 3 1 2 1 2 1 2 2 3 2 3 3 4 5 3 4 1 2 2 1 1 2 1 2 2 3 1 1 2 1 2 3 2 3 1 2 2 1 2 1 1 2 1 2 3 2 1 1 1 2 1 1 2 1 
-----------seed: 39 end------------


4 5 6 1 2 3 4 1 1 2 3 4 3 4 3 4 4 5 2 2 3 3 2 3 4 1 2 4 5 6 4 5 1 2 1 2 1 1 2 1 2 1 2 3 3 1 2 1 2 1 1 2 1 1 1 1 1 1 1 1 1 1 1 1 2 1 1 2 1 1 1 1 1 2 1 1 1 1 1 1 2 2 1 2 2 2 1 2 2 2 
-----------seed: 40 end------------


5 6 1 2 3 4 1 1 2 3 4 3 4 3 4 5 4 5 3 3 2 3 4 1 2 2 3 2 3 3 1 2 1 2 1 2 1 2 2 3 4 3 4 3 4 1 1 2 1 1 2 1 2 2 1 1 1 2 1 2 1 1 1 
-----------seed: 41 end------------


3 4 1 2 1 1 2 1 1 1 2 2 3 2 3 3 4 1 3 4 2 3 3 4 5 3 4 1 2 2 1 1 2 2 3 3 1 1 1 1 1 1 2 2 1 2 2 3 4 2 3 4 1 1 
-----------seed: 42 end------------


4 5 4 5 6 1 2 3 4 2 2 2 3 4 3 4 3 4 3 1 2 2 3 3 2 3 4 2 2 3 3 4 5 3 4 1 1 2 1 2 2 3 1 2 2 1 1 1 2 1 2 2 1 2 
-----------seed: 43 end------------


5 6 4 5 6 1 2 3 1 2 3 2 3 4 3 4 3 4 1 2 2 3 3 2 3 4 1 4 4 4 5 4 5 1 2 1 1 2 1 2 1 2 3 4 3 2 1 2 1 2 1 2 2 3 
-----------seed: 44 end------------


3 4 1 1 1 2 1 1 2 3 4 4 5 6 4 5 6 1 4 1 2 2 3 2 3 4 3 2 1 2 1 2 2 3 3 2 4 3 3 4 4 5 6 4 5 2 2 2 3 1 1 1 2 3 1 1 2 1 1 2 1 1 2 1 1 1 1 1 1 1 2 1 1 1 2 1 1 1 1 2 1 1 1 1 1 1 1 1 1 2 2 2 2 1 2 2 2 1 1 
-----------seed: 45 end------------


1 2 3 4 1 1 2 1 2 3 4 3 4 5 4 5 4 5 2 3 4 1 2 2 3 2 3 3 1 2 1 2 1 2 2 3 2 3 3 4 5 3 4 1 2 1 2 1 1 1 1 1 1 1 1 2 1 2 2 3 1 1 1 1 1 1 2 1 2 1 1 2 1 2 1 1 1 2 1 1 2 2 1 2 2 2 1 1 1 1 
-----------seed: 46 end------------


3 4 1 1 2 1 2 1 2 3 4 4 4 5 4 5 6 1 4 1 2 2 3 2 3 4 3 1 2 3 1 2 2 3 3 2 1 2 2 3 2 2 3 3 3 2 1 2 1 1 2 1 2 2 3 4 1 2 1 1 1 2 1 1 1 2 1 1 1 2 1 1 
-----------seed: 47 end------------


2 3 4 1 2 3 4 1 1 3 4 5 3 4 5 1 2 2 1 2 2 3 3 2 3 4 2 4 1 1 2 2 1 1 2 2 2 3 4 4 4 2 3 4 4 3 4 5 2 1 2 2 3 2 1 1 1 1 2 2 2 2 3 3 4 1 1 1 1 1 1 1 
-----------seed: 48 end------------


1 2 3 4 1 2 2 3 4 3 4 3 4 5 4 5 4 5 3 4 1 2 2 3 2 3 3 3 4 1 2 3 1 2 3 3 2 3 3 4 5 3 4 1 2 1 1 1 1 2 2 1 1 1 3 4 3 3 2 3 3 3 3 4 4 2 1 2 2 2 2 2 1 2 1 2 2 2 2 3 3 1 1 1 1 1 1 1 1 1 
-----------seed: 49 end------------


6 4 5 6 1 2 3 4 1 3 2 3 4 3 4 3 4 4 2 2 3 3 2 3 4 1 2 4 5 6 4 5 1 2 1 2 2 1 2 1 2 3 4 3 3 1 2 1 1 2 1 1 2 1 
-----------seed: 50 end------------


3 4 1 1 1 1 1 1 1 4 5 1 2 3 2 3 4 1 1 2 3 4 2 3 4 3 4 4 1 2 2 3 3 4 1 2 2 2 3 3 2 3 3 4 5 1 1 1 2 1 1 1 2 1 1 2 1 1 1 1 1 1 1 
-----------seed: 51 end------------


5 4 5 4 5 6 1 2 3 2 2 3 2 3 4 3 4 3 2 1 2 2 3 3 2 3 4 5 3 4 1 2 3 3 1 2 1 2 2 3 1 2 2 3 3 1 2 1 1 2 1 2 1 1 1 2 1 1 1 2 1 1 2 1 2 2 2 1 2 2 2 1 1 1 1 1 1 1 1 2 1 1 1 1 1 1 1 1 1 1 
-----------seed: 52 end------------


4 5 6 4 5 6 1 2 3 2 2 3 2 3 4 3 4 3 2 1 2 1 2 3 2 3 4 2 3 3 4 4 5 6 4 5 1 2 3 1 2 2 3 1 2 2 2 1 2 1 1 2 1 2 1 2 1 1 2 1 1 1 2 1 1 2 1 1 2 1 1 2 
-----------seed: 53 end------------


4 5 6 1 2 3 4 1 1 1 2 2 3 2 3 4 3 4 2 3 1 2 2 3 3 2 3 2 2 3 2 2 3 3 3 4 1 2 1 1 2 1 2 2 3 1 1 2 3 4 1 2 1 2 2 1 2 1 1 2 3 4 1 1 1 1 1 1 2 1 2 3 
-----------seed: 54 end------------


5 6 1 2 3 4 1 1 1 3 4 3 4 3 4 4 5 6 3 3 2 3 4 1 2 2 3 3 3 3 4 1 2 3 1 2 1 2 2 3 1 2 2 3 2 6 4 5 1 2 2 1 2 1 1 2 1 1 1 2 3 4 4 
-----------seed: 55 end------------


3 4 1 1 2 1 1 2 1 3 4 4 5 6 4 5 6 1 4 1 2 2 3 2 3 4 3 1 2 3 1 2 2 3 3 2 1 2 2 3 2 2 3 3 3 2 2 1 2 1 2 1 2 2 1 2 3 4 4 5 6 4 5 1 1 1 2 1 1 1 2 1 1 1 1 1 1 1 2 1 2 
-----------seed: 56 end------------


3 3 4 1 2 3 4 1 1 3 4 3 4 5 1 2 2 3 2 2 3 3 2 3 4 2 3 2 1 1 2 1 1 1 1 1 3 4 3 4 1 2 3 3 1 1 1 1 1 1 1 2 2 3 
-----------seed: 57 end------------


5 6 1 2 3 4 1 1 1 3 4 3 4 3 4 4 5 6 3 3 2 3 4 1 2 2 3 6 4 5 1 2 1 2 1 2 2 1 2 3 4 3 3 4 4 
-----------seed: 58 end------------


3 4 1 1 1 1 1 1 1 3 4 4 5 6 4 5 6 1 4 1 2 2 3 2 3 4 3 2 1 2 1 2 2 3 3 2 4 3 3 4 4 5 6 4 5 1 1 1 1 1 1 1 2 3 3 1 1 1 1 2 1 1 1 1 1 1 2 1 1 2 1 2 1 1 2 1 1 2 1 2 2 1 2 1 2 1 1 1 1 1 2 2 2 1 2 2 2 1 1 
-----------seed: 59 end------------


1 2 3 4 1 1 2 1 2 4 5 1 2 2 3 2 3 3 3 2 3 4 2 3 3 4 5 1 1 1 2 2 1 1 2 2 1 1 1 1 1 1 1 1 2 
-----------seed: 60 end------------


4 1 2 2 3 4 2 3 4 2 2 3 2 3 3 4 1 2 4 2 3 3 4 5 3 4 5 1 2 3 1 2 2 3 3 2 1 2 2 3 2 2 3 3 3 2 1 1 1 2 1 2 2 2 2 1 1 2 1 2 1 2 2 2 1 1 2 1 1 2 3 4 
-----------seed: 61 end------------


4 1 2 3 4 1 1 2 1 3 4 3 4 5 1 2 3 2 1 2 3 1 2 3 4 2 3 4 5 3 4 1 2 2 3 3 2 1 1 2 2 3 3 2 3 1 1 2 1 1 1 2 1 1 
-----------seed: 62 end------------


2 3 4 1 2 1 1 1 2 4 3 4 4 5 6 4 5 6 3 4 1 2 2 3 2 3 4 1 2 1 2 1 2 2 3 3 3 4 3 3 4 4 5 6 4 2 1 2 1 1 2 1 2 1 1 1 1 1 2 1 1 2 1 
-----------seed: 63 end------------


4 5 4 5 6 1 2 3 4 2 3 2 3 4 3 4 3 4 1 2 2 3 3 2 3 4 1 4 3 4 1 2 3 1 2 1 1 2 1 1 1 1 2 3 4 2 2 1 2 2 2 1 1 1 
-----------seed: 64 end------------


6 1 2 3 4 1 1 1 2 4 3 4 3 4 4 5 6 4 3 2 3 4 1 2 2 3 2 3 3 4 1 2 3 1 2 2 1 2 2 3 1 2 2 3 2 4 5 1 2 2 1 2 1 1 2 3 4 5 2 1 1 1 2 1 2 1 2 1 1 2 3 1 
-----------seed: 65 end------------


5 6 1 2 3 4 1 1 1 3 4 3 4 3 4 5 4 5 3 2 3 4 1 2 2 3 2 2 3 3 4 1 2 3 1 2 1 2 2 3 3 4 5 3 4 3 1 1 2 1 1 2 2 1 2 3 3 4 3 3 2 3 3 3 3 4 4 2 1 2 2 2 1 1 1 2 1 2 2 2 2 1 2 1 1 1 1 1 1 1 
-----------seed: 66 end------------


4 5 6 4 5 6 1 2 3 2 2 3 2 3 4 3 4 3 3 1 2 2 3 3 2 3 4 2 3 2 2 3 3 3 4 1 2 1 2 1 1 2 2 3 1 2 3 4 5 4 5 4 5 1 1 1 1 1 1 1 1 1 1 3 3 2 3 3 3 3 3 1 2 1 2 2 2 2 2 3 3 1 2 2 2 2 3 3 3 4 1 1 1 1 1 1 1 1 1 
-----------seed: 67 end------------


5 6 1 2 3 4 1 2 1 3 4 3 4 3 4 5 4 5 3 3 2 3 4 1 2 2 3 2 3 3 1 2 1 2 1 2 1 2 2 3 3 4 5 3 4 1 1 1 2 1 1 1 1 1 2 1 2 2 3 1 1 1 1 1 2 1 1 2 1 1 2 1 1 1 1 1 1 2 1 2 1 2 2 1 2 2 2 1 1 2 
-----------seed: 68 end------------


2 3 4 1 1 2 1 2 1 4 3 4 5 4 5 4 5 6 3 4 1 2 2 3 2 3 4 1 2 1 2 1 2 2 3 3 2 3 3 4 5 3 4 1 2 1 2 1 1 1 1 1 1 1 2 3 1 1 1 1 1 1 1 1 2 1 1 2 1 1 2 1 2 2 2 1 2 2 2 1 2 
-----------seed: 69 end------------


2 3 4 1 1 1 2 1 2 4 3 4 4 5 6 4 5 6 3 4 1 2 2 3 2 3 4 1 2 1 2 1 2 2 3 3 2 1 2 3 4 3 3 4 4 1 1 2 1 1 1 1 1 1 1 1 2 1 1 2 1 1 1 2 1 2 2 1 2 2 2 1 1 2 1 1 2 1 1 1 1 1 1 2 1 2 1 1 2 1 
-----------seed: 70 end------------


3 4 1 2 3 4 1 1 1 5 3 4 5 1 2 2 3 2 2 3 3 2 3 4 2 3 3 2 2 1 1 1 2 2 1 1 4 1 1 1 1 1 1 1 1 
-----------seed: 71 end------------


2 3 4 1 2 2 3 4 2 4 3 4 4 5 6 4 5 6 2 3 4 1 2 3 2 3 4 5 1 2 1 2 1 2 2 3 3 3 4 3 3 4 4 5 6 2 1 2 2 2 3 1 1 1 1 2 1 1 2 1 1 2 1 1 1 1 1 1 1 1 1 1 1 1 1 1 2 1 2 1 1 1 1 1 1 1 1 1 1 1 
-----------seed: 72 end------------


5 6 4 5 6 1 2 3 4 2 3 2 3 4 3 4 3 4 1 2 2 3 3 2 3 4 1 4 4 5 6 4 5 1 2 1 1 1 1 2 1 2 3 4 3 1 2 2 1 2 1 2 1 1 1 1 2 1 1 2 1 1 1 1 1 2 2 2 1 2 1 1 
-----------seed: 73 end------------


3 4 1 2 1 1 2 1 1 4 3 4 4 5 4 5 6 1 3 4 1 2 2 3 2 3 4 4 1 2 3 1 2 2 3 3 3 1 2 2 3 2 2 3 3 2 2 1 2 1 1 2 1 2 1 2 3 4 4 1 2 1 2 
-----------seed: 74 end------------


4 1 1 2 1 1 2 1 1 4 4 5 6 4 5 6 1 2 1 2 2 3 2 3 4 3 4 1 2 1 2 2 3 3 2 3 3 3 4 4 5 6 4 5 1 2 1 1 2 1 2 1 2 3 1 1 2 1 2 1 1 2 1 2 1 2 1 1 1 2 1 1 2 1 2 2 2 1 1 1 1 
-----------seed: 75 end------------


3 4 1 1 2 1 2 1 2 3 4 4 5 6 4 5 6 1 1 2 2 3 2 3 3 4 3 1 2 3 1 2 3 3 2 3 2 1 2 3 4 4 4 5 4 2 1 2 2 2 3 4 2 3 1 1 1 2 1 2 2 3 1 
-----------seed: 76 end------------


5 6 4 5 6 1 2 3 4 2 3 2 3 4 3 4 3 4 1 2 2 3 3 2 3 4 1 2 3 2 2 3 3 4 1 2 2 1 1 2 1 2 2 3 1 4 4 5 6 4 5 1 2 2 2 1 1 2 1 1 1 1 2 1 1 2 1 2 1 2 3 1 
-----------seed: 77 end------------


5 6 1 2 3 4 1 1 1 3 4 3 4 3 4 5 4 5 3 3 2 3 4 1 2 2 3 2 3 3 1 2 1 2 1 2 1 2 2 3 4 3 4 3 4 1 1 1 1 1 1 1 2 1 
-----------seed: 78 end------------


4 5 6 1 2 3 4 1 1 2 3 4 3 4 3 4 4 5 2 3 3 2 3 4 1 2 2 2 3 3 3 4 1 2 3 1 2 1 2 2 3 1 2 2 3 1 2 1 2 2 1 2 1 1 1 2 1 1 2 3 4 4 1 
-----------seed: 79 end------------


2 3 4 1 2 1 1 2 1 4 3 4 4 5 6 4 5 6 3 4 1 2 2 3 2 3 4 1 2 1 2 1 2 2 3 3 3 4 3 3 4 4 5 6 4 1 1 2 1 1 2 1 2 1 3 2 3 1 2 1 2 1 1 1 2 1 2 3 1 1 2 1 1 1 1 1 1 1 2 1 1 1 2 1 1 1 1 1 1 1 
-----------seed: 80 end------------


5 6 4 5 6 1 2 3 4 2 3 2 3 4 3 4 3 4 1 2 2 3 3 2 3 4 1 4 4 5 6 4 5 1 2 1 1 2 1 2 1 2 3 4 3 2 1 2 1 1 2 1 1 2 2 1 1 2 1 1 1 1 1 
-----------seed: 81 end------------


4 1 2 3 4 1 1 1 1 3 4 5 1 2 2 3 2 3 3 3 2 3 4 2 3 3 4 1 1 1 1 2 2 1 1 2 1 1 1 1 2 2 1 1 1 
-----------seed: 82 end------------


3 4 1 2 2 3 4 2 3 3 4 4 5 6 4 5 6 1 4 1 2 2 3 2 3 4 3 1 2 3 1 2 2 3 3 2 3 1 2 2 3 2 2 3 3 2 2 1 2 1 1 2 1 2 1 2 3 4 4 5 6 4 5 
-----------seed: 83 end------------


3 4 1 2 3 4 1 1 1 5 3 4 5 1 2 2 3 2 2 3 3 2 3 4 2 3 3 1 1 1 1 1 1 1 1 1 4 4 4 2 3 4 4 4 4 5 2 1 2 2 3 2 2 2 1 1 2 3 4 2 3 4 3 1 1 1 1 1 1 1 1 1 
-----------seed: 84 end------------


3 4 1 2 2 3 4 2 3 3 4 4 5 6 4 5 6 1 4 1 2 2 3 2 3 4 3 2 1 2 1 2 2 3 3 2 4 3 3 4 4 5 6 4 5 1 2 1 1 2 1 2 1 2 2 1 1 2 1 1 2 1 1 1 1 1 1 1 1 1 2 1 2 2 2 1 2 1 1 2 1 1 1 2 1 2 1 2 2 2 
-----------seed: 85 end------------


5 4 5 4 5 6 1 2 3 2 2 3 2 3 4 3 4 3 3 1 2 2 3 3 2 3 4 2 3 2 2 3 3 3 4 1 1 1 1 2 1 2 2 3 1 1 2 1 2 1 2 2 1 2 2 1 1 1 2 1 2 3 4 1 1 1 1 1 2 1 2 1 
-----------seed: 86 end------------


5 6 4 5 6 1 2 3 4 2 3 2 3 4 3 4 3 4 1 2 2 3 3 2 3 4 1 4 4 5 6 4 5 1 2 1 1 1 1 2 1 2 3 4 3 2 1 2 2 1 2 1 1 2 2 1 1 1 1 1 2 1 1 1 2 1 1 2 1 1 2 1 
-----------seed: 87 end------------


3 4 1 1 2 1 1 2 1 3 4 4 5 6 4 5 6 1 4 1 2 2 3 2 3 4 3 1 2 3 1 2 2 3 3 2 1 2 2 3 2 2 3 3 3 2 1 2 1 1 2 1 2 2 3 4 5 3 1 2 1 2 1 1 2 1 1 1 2 1 1 2 1 1 1 1 1 1 1 1 1 1 2 1 2 2 2 1 2 2 
-----------seed: 88 end------------


4 5 6 1 2 3 4 1 1 2 3 4 3 4 3 4 4 5 2 3 3 2 3 4 1 2 2 5 6 4 5 1 2 1 2 1 1 2 1 2 3 4 3 3 4 1 2 1 2 1 1 2 1 1 2 3 1 1 2 1 2 3 2 2 1 2 1 1 2 1 1 2 2 1 1 1 1 1 1 2 1 
-----------seed: 89 end------------


5 6 1 2 3 4 1 1 1 3 4 3 4 3 4 5 4 5 3 3 2 3 4 1 2 2 3 2 3 3 4 1 2 3 1 2 2 1 2 2 3 1 2 2 3 4 1 2 1 2 2 1 2 1 2 1 1 1 2 3 4 3 4 1 1 2 1 1 1 2 1 1 
-----------seed: 90 end------------


2 3 4 1 2 1 1 1 1 4 3 4 4 5 6 4 5 6 3 4 1 2 2 3 2 3 4 1 2 1 2 1 2 2 3 3 3 4 3 3 4 5 4 5 4 1 1 2 1 1 2 1 2 1 1 2 3 2 3 3 1 2 1 1 1 2 1 2 3 1 1 2 1 2 1 1 2 1 1 1 1 1 1 1 1 1 2 1 1 1 
-----------seed: 91 end------------


3 4 1 1 1 1 1 1 1 3 4 4 5 6 4 5 6 1 4 1 2 2 3 2 3 4 3 2 1 2 1 2 2 3 3 2 4 3 3 4 5 4 5 4 5 1 2 1 1 2 1 2 1 2 2 1 1 2 1 1 1 1 1 1 1 1 1 2 1 1 2 1 1 2 2 2 1 2 2 2 1 
-----------seed: 92 end------------


2 3 4 1 1 1 1 2 1 5 1 2 2 3 2 3 3 4 2 3 4 2 3 3 4 5 3 2 2 1 1 1 1 2 2 3 2 3 3 3 3 3 1 1 1 2 2 2 2 2 3 3 4 3 2 2 2 3 3 3 4 4 2 1 1 1 1 1 1 1 2 1 2 3 4 2 3 4 1 1 1 
-----------seed: 93 end------------


3 4 5 6 1 2 3 4 1 4 1 2 2 3 2 3 4 3 1 2 3 1 2 2 3 3 2 1 2 2 3 2 2 3 3 3 2 1 2 1 1 2 1 2 2 3 4 4 5 6 4 1 2 1 2 3 1 2 1 1 2 1 1 
-----------seed: 94 end------------


2 3 4 1 2 1 2 1 1 5 1 2 2 3 2 3 3 4 3 4 2 3 3 4 3 4 3 2 2 1 1 1 2 2 3 3 1 1 1 1 1 1 2 1 1 2 3 2 3 2 3 4 1 1 
-----------seed: 95 end------------


6 4 5 6 1 2 3 4 1 3 2 3 4 3 4 3 4 4 2 2 3 3 2 3 4 1 2 2 2 3 3 3 4 1 2 3 1 2 1 2 2 3 1 2 2 4 5 4 5 1 2 2 1 2 1 1 1 1 1 1 2 3 4 3 3 3 3 1 1 1 1 1 2 2 2 3 3 4 3 3 2 2 3 3 3 4 4 2 1 2 1 1 1 1 1 2 1 2 2 
-----------seed: 96 end------------


3 4 1 2 1 1 1 1 1 3 4 5 4 5 4 5 6 1 4 1 2 2 3 2 3 4 3 2 1 2 1 2 2 3 3 2 3 3 4 5 3 4 1 2 3 4 1 1 1 1 1 1 1 1 3 1 2 2 3 2 2 3 3 2 2 1 2 1 1 2 1 2 2 1 1 1 2 1 2 2 1 1 1 1 1 2 1 1 1 1 
-----------seed: 97 end------------


4 1 1 1 1 1 1 2 1 4 4 5 6 4 5 6 1 2 1 2 2 3 2 3 4 3 4 2 3 1 2 2 3 3 2 3 2 2 3 2 2 3 3 3 4 1 2 1 1 2 1 2 2 3 3 4 4 5 6 4 5 1 2 1 1 1 1 1 2 1 1 1 1 1 1 1 1 1 1 1 1 1 2 2 2 1 2 1 1 2 
-----------seed: 98 end------------


4 1 1 2 1 2 1 2 2 2 2 3 2 3 3 4 1 2 4 2 3 3 4 5 3 4 5 2 2 1 1 2 2 3 3 2 3 3 3 3 1 1 2 2 1 2 2 2 3 3 4 3 3 2 2 3 3 3 4 4 2 1 2 1 1 1 1 1 2 1 2 2 4 2 3 4 1 1 1 1 1 
-----------seed: 99 end------------


5 6 1 2 3 4 1 2 2 3 4 3 4 3 4 5 4 5 3 3 2 3 4 1 2 2 3 3 3 3 4 1 2 3 1 2 1 2 2 3 1 2 2 3 2 2 1 2 2 1 2 1 1 1 1 1 2 3 4 4 4 1 2 
-----------seed: 100 end------------


5 6 1 2 3 4 1 1 1 3 4 3 4 3 4 4 5 6 3 3 2 3 4 1 2 2 3 5 4 5 1 2 1 2 1 2 2 1 2 3 4 3 3 4 5 2 1 1 2 1 2 1 1 2 2 1 1 2 1 1 1 2 1 2 2 2 1 2 1 1 2 1 1 1 2 1 2 1 2 2 2 
-----------seed: 101 end------------


2 3 2 3 3 4 1 2 3 2 3 3 4 5 3 4 5 1 2 3 1 2 2 3 3 2 3 2 2 3 2 2 3 3 3 4 2 1 1 2 1 2 2 2 3 4 5 6 4 1 2 1 2 2 
-----------seed: 102 end------------


3 4 1 1 2 1 1 2 3 3 4 4 5 6 4 5 6 1 4 1 2 2 3 2 3 4 3 2 1 2 1 2 2 3 3 2 4 3 3 4 5 4 5 4 5 1 1 1 1 1 1 2 1 2 1 2 1 1 1 1 1 1 2 1 2 2 1 2 2 2 1 2 2 1 1 2 1 1 1 1 1 2 1 2 1 1 2 1 1 1 
-----------seed: 103 end------------


4 1 1 1 1 1 1 2 1 2 2 3 2 3 3 4 1 2 4 2 3 3 4 5 3 4 5 2 2 1 1 2 2 3 3 2 1 1 1 1 1 2 2 1 1 2 3 4 2 3 4 1 1 1 
-----------seed: 104 end------------


6 4 5 6 1 2 3 4 1 3 2 3 4 3 4 3 4 4 2 2 3 3 2 3 4 1 2 4 5 6 4 5 1 2 1 2 1 1 1 2 3 3 4 3 3 1 2 1 1 2 1 2 2 2 2 1 1 2 1 1 2 1 2 
-----------seed: 105 end------------


1 2 3 4 1 1 1 2 1 3 4 3 4 4 5 6 4 5 2 3 4 1 2 2 3 2 3 5 1 2 1 2 1 2 2 3 2 3 4 3 3 4 4 5 6 1 2 1 2 1 1 2 1 2 2 3 1 1 2 1 2 3 2 2 1 1 2 1 2 1 1 2 2 1 1 2 1 1 1 2 1 
-----------seed: 106 end------------


4 5 6 1 2 3 4 1 1 2 3 4 3 4 3 4 5 4 2 3 3 2 3 4 1 2 2 1 2 3 3 1 2 1 2 1 1 1 2 2 3 3 4 5 3 2 2 3 1 2 1 1 1 1 1 1 2 1 1 2 1 1 2 1 1 2 1 1 1 1 1 1 1 1 1 1 1 1 2 1 1 
-----------seed: 107 end------------


2 3 3 4 1 2 3 4 1 3 4 5 3 4 5 1 2 2 1 2 2 3 3 2 3 4 2 3 1 1 2 2 1 1 2 2 3 3 4 3 3 2 3 3 3 3 4 5 2 1 2 2 2 2 1 1 2 1 2 3 4 2 3 4 1 1 1 1 1 1 1 1 
-----------seed: 108 end------------


1 2 3 1 2 2 3 4 2 4 5 1 2 2 3 2 3 3 1 2 2 3 2 3 3 3 4 1 1 1 1 1 2 1 1 1 3 2 3 1 1 1 1 1 1 
-----------seed: 109 end------------


3 4 1 2 3 4 1 2 2 3 4 5 3 4 5 1 2 3 5 1 2 3 1 2 3 4 2 3 4 3 4 3 4 5 4 5 3 4 4 3 3 4 1 1 2 1 2 2 3 1 2 2 3 2 2 1 2 1 1 1 2 1 1 1 1 1 1 2 1 1 1 1 
-----------seed: 110 end------------


5 6 1 2 3 4 1 1 1 3 4 3 4 3 4 5 4 5 3 3 2 3 4 1 2 2 3 3 3 3 4 1 2 3 1 2 1 2 2 3 1 2 2 3 2 2 1 2 2 1 2 1 1 1 2 1 1 2 3 4 4 1 2 1 1 2 1 2 1 1 2 1 
-----------seed: 111 end------------


4 5 6 4 5 6 1 2 3 2 2 3 2 3 4 3 4 3 3 1 2 2 3 3 2 3 4 2 2 3 2 2 3 3 4 1 1 2 1 1 2 1 2 2 3 3 4 4 5 6 4 5 1 2 1 2 1 1 2 1 1 1 1 1 1 1 2 1 2 1 2 3 
-----------seed: 112 end------------


4 5 4 5 6 1 2 3 4 2 3 2 3 4 3 4 3 4 1 2 2 3 3 2 3 4 1 3 4 1 2 3 3 1 2 1 2 2 3 1 2 2 3 4 3 1 1 2 1 1 2 1 1 2 1 1 1 2 1 1 2 1 2 
-----------seed: 113 end------------


4 1 2 3 4 1 2 1 2 3 4 5 1 2 2 3 2 3 3 3 2 3 4 2 3 3 4 1 1 2 2 1 1 1 1 2 4 4 2 3 4 4 4 4 1 2 1 2 2 3 2 2 2 3 1 2 2 2 2 3 4 3 4 1 1 1 1 1 1 1 1 1 
-----------seed: 114 end------------


4 1 2 2 3 4 2 3 4 2 2 3 2 3 3 4 1 2 4 2 3 3 4 5 3 4 5 2 2 1 1 2 2 3 3 2 1 1 1 1 1 2 1 1 1 2 3 4 2 3 4 1 1 1 
-----------seed: 115 end------------


6 4 5 6 1 2 3 4 1 3 2 3 4 3 4 3 4 4 2 2 3 3 2 3 4 1 2 4 5 6 4 5 1 2 1 2 1 1 2 1 2 3 4 3 3 
-----------seed: 116 end------------


1 2 3 4 1 1 1 1 1 3 4 3 4 4 5 6 4 5 2 3 4 1 2 2 3 2 3 5 1 2 1 2 1 2 2 3 2 3 4 3 3 4 4 5 6 2 1 1 2 1 1 2 1 2 2 3 2 3 1 2 1 2 1 1 1 2 1 2 3 1 1 2 2 1 1 1 2 1 2 1 1 1 1 1 1 1 1 1 1 1 
-----------seed: 117 end------------


4 5 4 5 6 1 2 3 4 2 2 3 2 3 4 3 4 3 3 1 2 2 3 3 2 3 4 2 3 2 2 3 3 3 4 1 2 1 1 2 1 2 2 3 1 4 4 1 2 1 2 1 2 2 2 1 1 2 1 1 2 1 2 
-----------seed: 118 end------------


1 2 3 4 1 2 1 2 1 3 4 3 4 5 4 5 4 5 2 3 4 1 2 2 3 2 3 3 1 2 1 2 1 2 2 3 2 3 3 4 5 3 4 1 2 
-----------seed: 119 end------------


4 1 2 1 1 1 1 1 1 4 5 4 5 4 5 6 1 2 1 2 2 3 2 3 4 3 4 1 2 1 2 2 3 3 2 3 4 5 3 4 1 2 3 3 1 1 1 1 1 1 1 2 2 3 2 2 3 1 1 1 1 1 2 1 1 2 1 1 2 1 1 2 2 1 1 1 2 1 1 1 1 2 1 1 2 1 1 1 1 1 2 1 2 1 2 2 2 1 2 
-----------seed: 120 end------------


5 4 5 6 1 2 3 4 1 3 2 3 4 3 4 3 4 5 2 2 3 3 2 3 4 1 2 4 1 2 3 3 1 2 1 2 1 1 1 2 2 3 3 4 5 4 4 4 1 1 1 1 1 1 2 2 2 3 4 4 4 2 3 3 4 3 4 5 2 1 2 2 1 1 1 1 1 1 2 3 4 1 2 1 1 1 1 1 1 1 
-----------seed: 121 end------------


3 4 1 1 1 1 1 1 1 3 4 4 5 6 4 5 6 1 4 1 2 2 3 2 3 4 3 1 2 3 1 2 2 3 3 2 3 1 2 2 3 2 2 3 3 2 2 1 2 1 1 2 1 2 1 2 3 4 4 5 6 4 5 1 2 1 1 1 1 2 1 1 
-----------seed: 122 end------------


2 3 3 4 1 2 3 4 1 4 3 4 3 4 5 1 2 2 2 2 3 3 2 3 4 2 3 1 1 2 2 1 1 1 1 1 3 4 1 1 1 1 1 2 2 
-----------seed: 123 end------------


2 3 4 1 2 2 3 2 3 4 3 4 5 4 5 4 5 6 3 4 1 2 2 3 2 3 4 1 2 1 2 1 2 2 3 3 3 3 4 5 3 4 1 2 3 2 1 1 1 1 1 1 1 2 1 1 1 1 1 1 1 1 1 1 1 2 1 1 2 1 2 2 2 2 2 1 2 1 1 2 1 1 1 2 1 2 1 2 2 2 
-----------seed: 124 end------------


5 4 5 4 5 6 1 2 3 2 2 3 2 3 4 3 4 3 2 1 2 2 3 3 2 3 4 5 3 4 1 2 3 3 1 2 1 1 1 1 1 2 2 3 3 1 1 1 1 1 1 1 2 1 1 2 1 1 2 1 2 2 3 2 1 2 1 1 2 1 1 2 2 2 2 1 2 2 2 1 2 
-----------seed: 125 end------------


1 2 3 4 1 1 2 1 2 3 4 3 4 4 5 6 4 5 2 3 4 1 2 2 3 2 3 5 1 2 1 2 1 2 2 3 2 1 2 1 2 3 4 3 3 2 3 4 1 1 2 1 2 1 1 1 1 1 1 1 2 1 1 1 1 1 1 1 2 1 1 2 2 2 2 1 2 2 2 1 1 
-----------seed: 126 end------------


1 2 3 4 1 1 2 1 2 3 4 3 4 4 5 6 4 5 2 3 4 1 2 2 3 2 3 5 1 2 1 2 1 2 2 3 1 2 1 2 3 4 3 3 4 2 3 1 2 3 1 2 2 3 2 2 1 2 1 1 2 1 1 1 1 2 1 1 2 1 1 2 1 1 1 2 1 1 2 1 1 1 1 1 2 1 1 2 1 1 
-----------seed: 127 end------------


3 2 3 3 4 1 2 3 4 3 3 3 4 3 4 5 1 2 3 1 2 2 3 3 2 3 4 2 3 2 2 3 3 3 4 1 1 1 2 1 2 2 2 3 1 2 1 1 1 2 1 2 2 1 1 2 1 1 2 2 3 1 2 
-----------seed: 128 end------------


2 3 4 1 1 2 1 1 2 4 3 4 4 5 6 4 5 6 3 4 1 2 2 3 2 3 4 4 1 2 3 1 2 2 3 3 3 1 2 2 3 2 2 3 3 2 2 1 2 1 1 2 1 2 1 2 3 4 5 4 5 4 5 1 1 1 1 1 1 1 1 1 4 3 3 2 3 3 3 3 3 4 2 1 2 2 2 2 2 3 2 1 2 2 2 2 3 3 3 1 1 1 1 1 1 1 1 1 
-----------seed: 129 end------------


4 5 6 1 2 3 4 1 2 2 3 4 3 4 3 4 4 5 2 3 3 2 3 4 1 2 2 2 3 3 3 4 1 2 3 1 2 1 2 2 3 1 2 2 3 6 4 5 1 2 2 1 2 1 1 2 1 1 1 2 3 4 4 1 1 1 1 1 1 1 1 1 1 2 1 1 2 1 1 1 1 
-----------seed: 130 end------------


5 6 4 5 6 1 2 3 4 3 4 2 3 4 2 3 3 4 2 3 3 2 3 4 1 2 2 3 4 5 3 4 1 2 3 1 1 2 2 3 2 2 3 3 4 1 2 2 1 2 1 1 2 2 1 1 2 3 4 4 5 6 4 1 1 1 1 2 1 1 1 2 1 1 1 1 1 1 1 2 1 
-----------seed: 131 end------------


5 6 1 2 3 4 1 1 1 3 4 3 4 3 4 4 5 6 3 3 2 3 4 1 2 2 3 6 4 5 1 2 1 2 1 2 2 1 2 3 4 3 3 4 4 2 1 1 2 1 2 1 1 2 
-----------seed: 132 end------------


1 2 3 4 1 1 1 2 1 4 3 4 5 1 2 3 2 3 2 3 1 2 3 4 2 3 4 5 3 4 1 2 2 3 3 4 1 1 2 2 3 3 2 3 3 1 2 1 1 1 2 1 1 1 
-----------seed: 133 end------------


3 4 1 2 1 1 1 2 1 3 4 5 4 5 4 5 6 1 4 1 2 2 3 2 3 4 3 2 1 2 1 2 2 3 3 2 3 4 5 3 4 1 2 3 3 2 1 1 1 1 1 1 2 2 2 1 1 2 1 2 2 3 1 2 2 1 1 1 1 1 1 2 1 2 1 2 1 2 2 2 1 