2 3 2 3 3 4 1 1 1 2 1 2 3 3 1 2 3 1 1 2 3 4 2 3 4 3 1 3 1 1 2 3 4 5 1 2 6 7 8 9 7 8 9 10 11 4 5 6 7 5 6 7 8 9 5 6 7 3 4 5 4 5 6 1 2 3 1 1 2 3 4 5 2 3 3 3 1 1 2 1 2 1 2 3 4 1 2 1 1 1 

-----------seed: 0 end------------


2 3 2 3 3 4 1 1 1 2 1 2 3 3 1 2 3 1 1 2 3 4 2 3 4 3 1 3 1 1 2 3 4 5 1 2 6 7 8 9 7 8 9 10 11 4 5 6 7 5 6 7 8 9 5 6 7 3 4 5 4 5 6 1 2 3 1 1 2 3 4 5 2 3 3 3 1 1 2 1 2 2 1 2 1 1 2 1 1 1 
------------------
2 3 2 3 3 4 1 1 1 2 1 2 3 3 1 2 3 1 1 2 3 4 2 3 4 3 1 3 1 1 2 3 4 5 1 2 6 7 8 9 7 8 9 10 11 4 5 6 7 5 6 7 8 9 5 6 7 3 4 5 4 5 6 1 2 3 1 1 2 3 4 5 2 3 3 3 1 1 2 1 2 2 1 2 1 1 2 1 1 1 2 3 2 3 3 4 1 1 1 2 1 2 3 3 1 2 3 1 1 2 3 4 2 3 4 3 1 3 1 1 2 3 4 5 1 2 6 7 8 9 7 8 9 10 11 4 5 6 7 5 6 7 8 9 5 6 7 3 4 5 4 5 6 1 2 3 1 1 2 3 4 5 2 3 3 3 1 1 2 1 2 2 1 2 1 1 2 1 1 1 
---------------
2 3 2 3 3 4 1 1 1 2 1 2 3 3 1 2 3 1 1 2 3 4 2 3 4 3 1 3 1 1 2 3 4 5 1 2 6 7 8 9 7 8 9 10 11 4 5 6 7 5 6 7 8 9 5 6 7 3 4 5 4 5 6 1 2 3 1 1 2 3 4 5 2 3 3 3 1 1 2 1 2 2 1 2 1 1 2 1 1 1 4 4 1 1 1 2 1 2 1 3 1 1 2 3 4 4 1 2 
