1 1 1 1 1 2 1 1 1 1 1 1 2 1 1 1 1 1 1 1 1 1 1 1 1 1 1 1 1 1 1 1 1 1 1 1 1 1 1 1 1 1 1 1 1 4 1 1 1 1 2 1 1 2 1 1 1 2 3 1 1 1 2 1 1 2 3 4 1 2 1 1 2 1 1 1 1 1 2 1 1 2 1 1 1 1 2 1 1 2 2 2 2 3 3 3 3 4 4 3 2 1 1 2 2 2 2 3 1 1 1 2 2 2 2 2 3 1 1 1 1 1 1 1 1 1 1 1 1 1 1 1 1 1 1 1 1 2 1 1 1 1 1 1 1 1 1 1 1 1 1 1 1 2 1 1 1 1 1 2 2 2 1 1 1 1 1 1 1 1 1 1 1 1 1 2 2 2 1 1 1 2 1 1 2 1 1 1 1 
------------------
1 1 1 1 1 1 1 1 1 1 1 1 1 1 1 1 1 1 1 1 1 1 1 1 1 1 1 1 1 2 2 1 1 1 1 1 2 1 1 1 1 1 1 1 1 1 1 1 1 1 1 1 1 2 4 5 5 3 4 5 6 6 1 3 3 1 1 2 3 3 3 4 2 3 1 1 1 1 1 1 1 1 1 2 2 3 1 1 1 1 2 2 1 1 1 1 2 2 1 1 1 1 1 1 1 1 1 1 4 5 1 1 1 1 1 1 1 1 1 2 2 2 1 2 3 3 1 1 1 1 1 1 1 1 1 1 1 1 1 1 1 1 1 1 1 1 1 1 1 1 1 1 1 1 1 1 1 1 1 1 1 1 
-------------
1 1 1 1 1 1 1 1 1 1 1 1 1 1 1 1 1 1 1 1 1 2 3 1 1 1 1 4 4 5 1 2 3 4 3 1 1 1 1 2 2 2 3 3 3 2 1 1 1 2 3 1 2 3 1 1 2 3 4 3 4 5 4 1 1 1 1 1 1 1 1 1 1 2 3 3 4 4 1 2 1 1 1 1 1 1 1 1 1 1 1 1 1 1 2 3 4 5 1 1 1 1 1 1 1 1 1 1 
-------------	:wq

2 1 1 1 1 1 1 1 1 1 1 1 1 2 1 1 1 1 1 1 1 1 1 1 1 1 2 1 1 1 1 1 1 1 1 1 1 1 1 1 1 1 1 1 1 2 1 1 2 1 1 1 1 1 1 1 1 1 1 1 1 1 1 1 1 2 3 4 1 2 1 1 1 2 2 2 1 1 1 2 2 1 1 1 1 1 2 2 2 1 1 1 1 1 1 1 1 1 1 1 2 1 2 1 1 1 1 1 
---------
1 2 1 1 1 1 2 1 1 1 1 1 1 1 1 1 1 2 1 2 1 1 1 1 1 1 1 1 1 2 1 1 1 1 1 2 
-----------seed: 0 end------------


1 1 1 2 1 1 2 1 1 1 1 1 1 1 2 1 1 2 1 1 1 1 1 1 1 1 1 1 1 1 1 1 2 1 1 2 1 1 2 2 3 1 1 2 2 2 1 1 2 1 2 2 1 2 
-----------seed: 1 end------------


1 1 1 1 1 1 2 1 1 1 1 1 1 2 1 1 2 1 1 2 1 1 1 2 1 1 2 
-----------seed: 0 end------------


2 1 1 1 1 2 1 1 2 1 1 1 1 1 1 1 2 1 1 1 1 1 1 1 1 1 1 1 1 1 1 1 1 2 1 1 
-----------seed: 1 end------------


1 1 1 1 1 2 1 1 1 1 1 1 2 1 1 1 1 1 1 1 1 1 1 1 1 1 1 1 1 1 1 1 1 1 1 1 1 1 1 2 1 1 2 1 1 1 2 1 1 2 1 1 1 1 1 1 2 1 1 2 1 1 1 
-----------seed: 0 end------------


1 2 1 1 1 1 1 1 2 1 1 1 1 1 2 1 1 1 1 1 1 1 1 1 1 1 1 1 1 1 1 1 1 1 1 1 1 1 2 1 1 1 1 1 1 1 2 1 1 2 1 1 1 1 1 1 1 1 1 1 1 1 1 2 1 1 2 1 1 1 1 1 1 2 1 2 1 1 1 1 1 
-----------seed: 1 end------------


1 1 1 1 2 1 1 1 1 1 1 2 1 1 1 1 1 2 1 1 1 1 1 1 1 1 1 1 1 1 1 1 1 1 1 1 1 1 2 1 1 2 1 1 1 1 1 1 1 1 1 1 2 3 
-----------seed: 2 end------------


1 1 1 1 1 2 1 1 1 1 1 1 2 1 1 1 1 1 1 1 1 1 1 1 1 1 1 1 1 1 1 1 1 1 1 1 1 1 1 2 1 1 2 1 1 2 1 1 2 1 1 1 1 1 1 2 1 1 2 1 1 1 1 
-----------seed: 0 end------------


2 1 1 1 1 1 1 2 1 1 1 1 1 2 1 1 1 1 1 1 1 1 1 1 1 1 2 1 1 1 1 1 1 1 1 1 1 2 1 1 1 1 1 1 1 2 1 1 2 3 1 1 1 2 2 2 1 2 2 1 2 2 1 
-----------seed: 1 end------------


1 1 1 1 1 1 1 1 2 1 1 1 1 1 2 1 1 1 1 1 1 1 1 1 1 1 1 1 1 1 1 1 1 1 1 1 1 1 2 1 1 1 1 1 1 1 1 2 1 1 2 1 1 1 1 1 1 1 1 2 1 1 2 1 1 1 1 1 1 2 1 1 
-----------seed: 2 end------------


2 1 1 1 1 1 1 1 1 1 1 1 1 2 1 1 1 1 1 1 1 1 1 1 1 1 2 1 1 1 1 1 1 1 1 1 1 2 1 1 1 1 1 1 1 1 1 1 1 1 1 1 1 2 1 1 1 1 1 1 1 1 1 1 2 2 3 1 1 2 2 3 2 1 1 1 2 2 1 2 2 
-----------seed: 3 end------------


1 1 1 1 1 2 1 1 1 1 1 1 2 1 1 1 1 1 1 1 1 1 1 1 1 1 1 1 1 1 1 1 1 1 1 1 1 1 1 1 1 1 1 1 1 1 1 1 1 1 2 1 1 2 3 4 1 2 1 1 1 2 3 1 1 1 1 2 1 1 1 1 1 1 2 1 1 2 1 1 1 1 1 1 2 1 1 2 1 1 
-------
2 1 1 1 1 1 1 1 1 1 1 1 1 2 1 1 1 1 1 1 1 1 1 1 1 1 2 1 1 1 1 1 1 1 1 1 1 1 1 1 1 1 1 1 1 2 1 1 2 1 1 1 1 1 2 1 1 1 1 1 1 1 1 
---------
1 1 1 1 1 2 1 1 1 1 1 1 2 1 1 1 1 1 1 1 1 1 1 1 1 1 1 1 1 1 1 1 1 1 1 1 1 1 1 2 1 1 2 1 1 
---------------------
2 1 1 1 1 1 1 1 1 1 1 1 1 2 1 1 1 1 1 1 1 1 1 1 1 1 2 1 1 1 1 1 1 1 1 1 1 2 1 1 1 1 1 1 1 1 1 1 1 1 2 1 1 1 1 1 1 2 1 1 1 1 1 1 1 1 1 1 1 1 1 1 1 1 1 1 1 1 1 1 1 1 1 1 2 1 1 2 1 1 1 1 1 1 1 2 1 1 1 1 1 1 2 1 1 1 1 1 1 1 1 1 1 1 1 1 1 1 1 1 1 1 1 1 1 1 1 1 1 2 1 1 2 1 1 2 1 1 2 1 1 1 1 1 1 2 1 1 2 1 1 1 1 
------------------------
1 1 1 1 1 1 1 2 1 1 1 1 2 1 1 1 1 1 1 1 1 1 1 1 1 2 1 1 1 1 1 1 1 1 1 1 2 1 1 1 1 1 1 1 1 1 2 1 1 1 1 1 2 1 1 1 1 1 1 1 1 1 2 2 1 1 1 1 1 1 1 1 1 1 1 1 1 1 1 2 1 
------------
1 2 1 1 1 1 1 1 1 2 3 1 1 1 1 1 1 2 1 2 1 1 2 1 1 2 1 1 1 1 1 2 1 1 2 1 1 2 1 1 1 2 1 1 2 
-----------seed: 0 end------------


1 2 1 1 1 1 1 1 1 2 3 1 1 1 1 1 1 2 1 1 1 1 2 1 1 2 1 2 1 1 1 1 1 2 1 1 
-----------seed: 0 end------------


1 1 1 1 1 1 1 2 1 2 1 1 2 1 1 1 1 1 1 1 2 3 1 1 1 1 1 1 1 1 2 1 1 2 1 1 2 1 1 1 1 1 2 1 1 1 1 2 1 1 1 1 2 1 
-----------seed: 1 end------------


1 1 1 1 1 1 1 1 1 1 1 1 2 1 1 2 1 1 1 2 1 1 2 1 1 2 3 1 1 1 1 1 1 2 1 1 1 1 1 1 1 1 1 1 1 1 1 2 1 1 2 1 1 2 2 3 1 1 2 2 3 1 1 1 1 2 2 1 2 2 1 1 1 1 1 1 1 2 1 1 2 
-----------seed: 2 end------------


1 2 1 1 1 1 1 1 1 2 3 1 1 1 1 1 1 2 1 2 1 1 2 1 1 2 1 1 1 1 1 2 1 1 2 1 1 1 1 1 1 2 1 1 2 
-----------seed: 0 end------------


1 1 1 1 1 1 1 1 1 1 1 1 1 2 1 1 2 1 1 1 2 1 1 1 1 1 1 2 2 1 1 1 1 1 2 2 1 1 1 1 1 1 2 3 1 2 1 1 1 1 1 1 1 1 1 2 1 1 1 1 1 2 1 1 1 1 1 1 1 2 2 2 4 4 4 5 4 5 6 1 1 2 3 3 3 2 3 2 3 4 2 3 1 1 1 1 1 2 1 2 2 1 1 2 2 3 1 1 1 2 1 1 1 1 1 2 2 2 1 1 1 1 1 1 1 2 2 2 2 1 1 1 2 1 1 1 1 1 1 1 1 1 1 1 2 1 1 1 1 1 1 2 2 1 1 1 1 1 1 1 2 1 2 1 1 2 1 1 1 1 1 1 1 1 1 1 1 1 1 1 3 3 3 4 4 4 3 2 1 2 3 3 2 1 2 2 2 2 1 1 1 1 2 2 2 1 2 1 1 1 1 2 3 1 1 1 1 1 1 1 1 1 1 1 1 1 1 1 1 1 1 1 1 1 
-----------seed: 1 end------------


1 1 1 1 1 1 1 1 1 1 2 1 1 2 1 1 1 1 2 1 1 2 3 1 1 1 1 2 1 1 1 2 1 1 2 1 1 1 2 1 1 1 1 2 1 
-----------seed: 2 end------------


1 1 1 1 1 1 1 1 1 1 1 1 1 1 2 1 1 2 2 1 1 2 1 1 1 1 1 2 3 2 1 1 1 1 1 2 1 1 1 1 1 1 1 2 1 1 2 1 1 1 1 1 1 1 1 1 2 1 1 1 1 1 2 1 1 1 1 1 1 1 2 2 3 4 4 4 5 4 5 6 1 2 2 3 3 3 2 3 2 3 2 2 3 1 1 1 1 1 2 1 2 2 1 1 2 2 3 1 3 4 4 4 3 2 1 1 2 2 3 3 2 2 2 3 3 3 2 2 1 2 2 2 3 2 1 1 2 1 1 2 1 1 1 1 1 1 2 2 1 1 1 1 1 1 1 1 1 1 1 1 1 1 1 2 1 1 1 1 1 1 2 1 1 1 1 1 1 1 1 2 1 1 1 1 1 1 1 1 1 1 1 1 1 1 1 2 1 1 2 1 1 1 1 1 1 1 1 1 1 1 2 2 1 1 1 2 
-----------seed: 3 end------------


1 1 1 1 1 1 1 1 1 2 3 1 1 1 1 2 1 1 1 1 2 1 2 1 1 2 1 1 2 1 1 2 1 1 1 1 1 1 1 2 1 1 2 1 1 
-----------seed: 4 end------------


1 1 1 1 1 1 1 1 2 2 1 1 2 1 1 1 1 1 1 2 1 1 2 3 1 1 1 1 1 1 2 1 1 2 1 2 2 3 3 3 4 4 4 3 2 2 2 3 3 2 1 2 2 2 1 1 1 1 1 2 2 2 1 1 1 1 1 1 1 1 1 1 1 1 1 2 1 1 2 1 2 1 1 2 1 1 2 1 1 1 
-----------seed: 5 end------------


1 1 1 1 1 1 1 1 1 1 1 2 1 1 2 1 1 1 2 1 1 2 1 1 2 3 1 2 1 1 1 1 2 1 1 2 2 1 1 1 1 2 1 1 2 1 1 1 1 1 1 1 1 1 
-----------seed: 6 end------------


1 1 1 1 1 1 1 1 1 2 3 1 1 1 1 2 1 1 1 1 2 1 2 1 1 2 1 2 1 1 2 1 1 1 1 1 1 2 1 1 1 1 1 2 1 1 1 1 1 1 1 1 1 2 
-----------seed: 7 end------------


1 1 1 1 1 1 1 1 1 1 1 1 1 1 2 1 1 2 1 2 2 2 1 1 2 1 1 2 1 1 2 1 2 1 1 1 2 1 1 2 2 1 1 1 1 1 1 1 1 1 2 1 1 2 1 1 1 1 2 1 1 2 1 1 2 1 1 1 2 1 1 2 
-----------seed: 8 end------------


1 1 1 1 1 1 1 1 2 1 1 1 1 1 2 1 1 2 2 1 1 2 1 1 1 1 1 1 1 2 2 2 1 1 1 2 1 1 1 1 1 1 1 2 2 2 2 1 1 1 1 1 1 1 2 1 1 1 1 2 1 1 1 2 1 1 1 1 2 1 1 1 1 1 2 1 1 2 1 1 1 1 1 1 1 1 2 2 2 1 1 1 2 1 1 2 1 1 1 1 1 1 2 2 1 1 1 1 1 1 1 1 1 1 1 1 2 1 1 2 1 1 2 1 2 3 1 1 1 1 1 1 1 1 1 
-----------seed: 9 end------------


1 1 1 1 1 1 1 1 1 1 1 2 1 1 2 1 1 1 2 1 1 1 1 1 1 1 1 1 1 1 1 1 2 2 2 1 1 1 1 1 2 1 1 2 3 1 1 1 1 1 1 1 1 1 1 1 1 1 1 2 1 1 2 1 1 1 1 2 2 2 1 1 4 5 4 5 6 1 1 1 1 3 3 2 3 2 3 4 3 4 1 1 1 1 1 2 1 2 2 1 1 2 2 3 1 1 2 2 1 1 1 1 1 2 2 1 2 1 1 1 1 1 1 2 1 1 1 1 1 1 2 1 1 2 2 1 1 1 2 1 1 1 1 1 1 1 1 2 1 1 2 1 1 1 1 1 1 1 1 1 1 1 1 1 1 1 2 1 1 2 1 1 1 1 1 1 1 1 1 1 
-----------seed: 10 end------------


1 1 1 1 1 1 1 1 1 1 1 1 2 1 1 2 1 1 1 1 2 1 1 1 1 1 2 3 2 1 1 1 1 1 2 2 1 1 1 1 1 1 2 1 1 2 1 1 1 1 1 1 1 1 1 1 1 2 2 2 1 2 1 4 3 2 1 2 1 1 2 2 2 2 2 2 2 3 3 3 4 2 2 1 2 2 2 3 3 2 1 2 1 1 1 1 1 1 1 3 4 1 1 1 1 1 1 2 1 2 1 1 2 3 1 1 1 1 1 1 1 1 2 1 1 2 1 1 1 1 2 1 1 2 1 1 2 1 1 1 2 1 1 2 
-----------seed: 0 end------------


1 1 1 1 1 1 1 1 1 2 1 1 2 1 1 1 1 1 1 2 3 4 1 1 1 1 1 2 1 1 2 1 1 2 3 1 1 1 1 1 1 1 1 2 1 2 1 1 1 1 1 2 1 1 1 1 2 1 1 1 1 2 1 1 1 1 1 1 1 1 1 1 
-----------seed: 1 end------------


1 1 1 1 1 1 1 1 1 1 1 1 1 1 1 1 1 1 1 2 1 1 1 1 1 1 1 3 4 1 1 1 1 1 1 2 1 1 1 1 2 3 1 1 1 1 1 1 1 1 1 1 1 1 1 1 1 1 1 1 1 1 1 1 2 1 1 1 1 1 1 1 3 4 1 1 1 1 1 1 2 1 1 1 1 2 3 1 1 1 
-
-------
1 1 1 1 1 1 1 1 1 1 1 1 1 1 1 1 1 1 1 1 1 1 2 1 1 2 1 2 3 1 1 1 2 3 4 1 1 2 1 1 2 1 1 2 1 2 1 1 1 2 1 1 1 1 1 1 1 1 2 1 1 2 1 1 1 2 1 1 2 1 1 2 1 1 2 1 1 2 1 1 2 1 1 2 1 1 1 1 1 2 
-----------seed: 0 end------------


1 1 1 1 1 1 1 1 1 1 1 1 1 1 1 1 1 1 1 2 1 1 1 1 1 1 1 3 4 1 1 1 1 1 1 2 1 2 1 1 2 3 1 1 1 1 1 1 1 1 2 1 1 2 1 2 1 1 2 1 1 1 2 1 1 2 1 1 1 1 1 2 2 1 1 1 1 1 2 1 1 1 1 1 1 2 1 1 2 1 1 1 2 1 1 2 1 1 2 2 1 1 2 1 1 2 1 1 1 2 1 1 2 1 1 1 1 1 1 2 1 1 1 1 1 2 2 1 1 2 1 1 1 1 1 1 2 1 1 2 1 1 1 1 1 1 1 2 1 1 2 1 1 
-----------seed: 1 end------------


1 1 1 1 1 1 1 1 1 1 1 1 1 1 1 1 1 1 1 1 1 1 2 1 1 2 1 2 3 1 1 1 2 3 4 1 1 2 1 1 2 1 1 1 1 2 1 1 1 1 1 1 1 2 2 1 1 2 1 1 2 1 1 1 2 1 1 2 1 1 1 1 1 2 1 1 2 3 1 1 2 1 1 1 1 2 1 1 1 2 1 1 1 1 1 2 1 1 2 1 1 1 1 1 1 1 1 1 1 1 1 1 1 1 1 1 1 1 1 1 1 2 1 1 2 1 2 3 1 1 1 2 3 4 1 1 2 1 1 2 1 1 2 1 2 1 1 1 2 1 1 1 1 1 1 1 1 2 1 1 2 1 1 1 2 1 1 2 1 1 2 1 1 2 1 1 2 1 1 2 1 1 2 1 1 1 1 1 2 
-----------seed: 0 end------------


1 1 1 1 1 1 1 1 1 1 1 1 1 1 1 1 1 1 1 2 1 1 1 1 1 1 1 3 4 1 1 1 1 1 1 2 1 2 1 1 2 3 1 1 1 1 1 1 1 1 2 1 1 2 1 2 1 1 2 1 1 1 2 1 1 2 1 1 1 1 1 2 2 1 1 1 1 1 2 1 1 1 1 1 1 2 1 1 2 1 1 1 2 1 1 2 1 1 2 2 1 1 2 1 1 2 1 1 1 2 1 1 2 1 1 1 1 1 1 2 1 1 1 1 1 2 2 1 1 2 1 1 1 1 1 1 2 1 1 2 1 1 1 1 1 1 1 2 1 1 2 1 1 
-----------seed: 1 end------------


1 1 1 1 1 1 1 1 1 1 1 1 1 1 1 1 1 1 1 1 1 1 2 1 1 2 1 2 3 1 1 1 2 3 4 1 1 2 1 1 2 1 1 1 1 2 1 1 1 1 1 1 1 2 2 1 1 2 1 1 2 1 1 1 2 1 1 2 1 1 1 1 1 2 1 1 2 3 1 1 2 1 1 1 1 2 1 1 1 2 1 1 1 1 1 2 1 1 2 1 1 1 1 1 1 1 1 1 1 1 1 1 1 1 1 1 1 1 1 1 1 2 1 1 2 1 2 3 1 1 1 2 3 4 1 1 2 1 1 2 1 1 1 1 2 1 1 1 1 1 1 1 2 2 1 1 2 1 1 2 1 1 1 2 1 1 2 1 1 1 1 1 2 1 1 2 3 1 1 2 1 1 1 1 2 1 1 1 2 1 1 1 1 1 2 1 1 2 
-----------seed: 0 end------------


1 1 1 1 1 1 1 1 1 1 1 1 1 1 1 1 1 1 1 1 1 1 2 1 1 2 1 2 3 1 1 1 2 3 4 1 1 2 1 1 2 1 1 1 1 2 1 1 1 1 1 1 1 2 2 1 1 2 1 1 2 1 1 1 2 1 1 2 1 1 1 1 1 1 2 1 1 1 1 1 2 2 1 1 1 1 1 2 1 1 1 1 1 1 2 1 1 2 1 1 1 2 1 1 2 1 1 2 2 1 1 2 1 1 2 1 1 1 2 1 1 2 1 1 1 1 1 1 2 1 1 2 1 1 1 1 1 1 2 1 1 2 1 1 1 1 1 1 1 2 1 1 2 
-----------seed: 1 end------------


1 1 1 1 1 1 1 1 1 1 1 1 1 1 1 1 1 1 1 1 1 1 1 2 1 1 2 1 2 3 1 1 1 2 3 4 1 1 2 1 1 2 1 1 1 1 2 1 1 1 1 1 1 1 1 2 1 1 2 1 1 2 1 1 1 2 1 1 2 1 1 1 1 1 2 1 1 2 3 1 1 1 1 1 1 1 2 1 1 1 
-----------seed: 0 end------------


1 1 1 1 1 1 2 1 1 1 1 1 1 1 1 1 1 1 1 1 1 1 1 1 1 1 1 1 1 1 1 1 2 1 1 2 1 2 3 1 1 1 2 3 4 1 1 2 1 1 2 1 1 1 1 2 1 1 1 1 1 1 1 1 2 1 1 2 1 1 2 1 1 1 2 1 1 2 1 1 1 2 1 1 2 1 1 1 1 1 1 2 1 1 1 1 1 2 1 1 1 1 1 1 2 1 1 2 1 1 1 2 1 1 2 1 1 1 2 1 1 2 1 1 2 1 1 1 2 1 1 2 1 1 1 1 1 1 2 1 1 2 1 1 1 1 1 1 2 1 1 2 1 1 1 1 1 1 1 2 1 1 
-----------seed: 1 end------------


1 1 1 1 1 1 1 1 1 1 1 1 1 1 1 1 1 1 1 1 1 1 2 1 1 2 1 1 2 1 1 1 1 1 1 1 2 1 1 1 1 1 2 2 2 2 3 1 1 1 1 1 1 2 1 1 1 1 1 1 1 1 1 1 1 1 1 1 1 1 1 1 1 1 1 1 1 1 1 1 1 2 1 1 1 1 1 1 1 1 1 1 1 1 1 2 1 2 1 1 1 2 2 2 1 1 2 1 1 1 1 1 1 1 1 1 1 5 3 4 5 6 6 1 1 2 1 1 2 3 3 3 4 5 4 2 2 3 4 3 4 5 4 5 3 4 1 2 2 1 1 2 3 1 1 2 1 1 1 1 1 1 2 3 4 1 1 2 2 3 1 2 3 1 2 1 1 2 1 1 1 1 2 2 3 1 1 1 1 3 1 1 1 1 2 2 3 1 2 3 2 3 1 1 1 1 2 2 1 1 2 1 1 1 1 1 1 1 1 1 1 1 1 1 1 1 1 1 1 2 2 2 1 1 1 2 1 1 2 1 2 3 2 1 1 1 1 1 1 2 1 2 1 1 1 1 1 1 2 1 1 2 2 2 1 1 1 2 2 2 6 1 1 1 1 1 1 1 1 3 3 3 4 3 3 4 5 5 2 2 3 4 4 5 5 5 1 1 1 2 3 4 4 1 2 2 1 1 1 1 1 1 1 1 2 1 1 1 1 1 1 1 1 1 1 1 1 1 1 1 1 1 1 1 1 1 1 1 1 1 1 1 1 1 1 1 2 1 1 2 1 1 1 1 1 2 2 2 1 1 1 1 1 1 1 1 2 2 2 1 1 1 1 1 1 2 1 1 3 1 1 1 1 1 1 1 1 2 1 1 1 1 1 1 1 1 1 1 1 1 1 1 1 2 1 1 1 1 2 1 1 1 2 2 1 1 1 1 1 1 1 1 1 3 2 1 1 1 2 3 1 1 2 1 1 2 2 2 2 2 3 1 1 2 2 2 2 2 3 3 1 1 1 1 1 1 1 2 2 1 1 1 1 1 2 1 1 2 2 1 1 1 2 1 1 1 1 1 2 3 4 5 1 1 1 1 5 1 2 3 4 3 1 1 1 2 2 2 3 3 3 4 4 4 1 1 1 2 3 4 1 1 1 1 2 1 1 1 2 3 1 2 1 2 1 2 3 4 3 4 5 2 1 1 1 1 1 1 1 2 1 1 1 1 1 1 1 2 1 4 1 1 1 1 1 2 1 1 3 4 3 1 1 1 1 1 2 3 3 3 4 4 4 5 5 1 3 1 1 1 1 1 2 2 2 4 1 2 1 1 1 2 3 1 1 1 2 1 2 3 4 3 4 1 2 1 1 1 1 1 1 1 1 2 1 1 1 1 1 1 2 1 1 1 1 1 1 1 1 1 2 1 1 1 2 3 1 2 3 3 4 3 4 5 4 5 1 1 3 3 4 4 1 2 3 4 4 1 1 1 1 2 1 1 2 1 1 1 1 1 1 1 2 1 1 1 1 1 1 1 1 1 1 1 1 1 2 1 1 1 2 3 1 1 1 1 1 1 2 1 1 1 1 1 2 1 1 1 1 1 1 1 1 1 1 1 2 1 1 1 1 1 1 1 1 1 1 1 1 1 1 1 1 1 1 1 1 1 1 1 2 3 4 5 1 1 1 1 1 1 1 1 1 1 1 1 1 1 1 1 1 2 3 4 5 1 1 1 1 1 1 1 1 1 1 1 1 1 1 1 1 1 1 1 1 2 3 4 5 1 1 1 1 1 1 1 1 1 1 1 1 
-----------seed: 0 end------------


1 1 1 1 1 1 1 1 1 1 1 1 1 1 1 1 1 1 2 1 1 1 1 1 1 1 1 4 1 1 1 1 1 1 2 1 1 1 1 2 3 1 1 1 2 1 2 1 1 2 1 1 2 1 1 1 1 2 1 1 1 1 1 3 1 1 2 1 1 2 1 1 1 1 1 2 1 1 2 1 1 2 1 1 2 1 1 1 1 1 
-----------seed: 1 end------------


1 1 1 1 1 1 2 3 4 1 1 1 1 1 1 1 1 1 1 1 1 1 1 1 1 1 1 1 1 1 1 1 1 2 1 1 2 1 1 2 1 1 1 1 1 2 2 2 1 1 1 1 1 2 1 1 2 3 1 1 1 1 1 1 1 1 1 1 1 1 1 1 1 1 1 1 1 1 1 1 1 1 1 1 1 1 1 1 1 1 1 1 2 1 1 1 1 1 1 1 1 1 1 1 1 1 2 1 1 1 1 1 2 2 2 1 1 2 1 1 1 1 1 1 1 1 4 5 5 3 4 5 6 6 1 5 5 1 1 2 3 3 3 4 3 3 2 2 3 4 3 4 5 1 2 3 4 1 2 2 1 1 1 2 1 1 2 1 1 1 1 1 1 2 3 4 1 1 2 2 1 2 2 3 1 2 1 1 2 1 1 1 1 2 2 3 1 1 2 2 3 1 1 1 1 2 2 1 1 2 3 2 3 1 1 1 1 1 2 1 1 2 1 1 1 1 1 1 1 1 1 1 1 1 2 1 1 1 1 1 2 2 2 2 3 1 2 1 1 2 1 2 1 1 1 1 1 1 1 1 2 2 1 1 1 1 1 1 1 2 1 1 2 2 2 1 1 1 2 5 6 6 1 1 1 1 1 1 1 2 3 3 3 4 3 3 4 2 2 2 2 3 4 4 5 5 2 2 1 1 2 3 4 4 1 1 1 1 1 1 1 1 1 1 1 1 1 1 1 1 1 1 1 1 1 1 1 1 1 1 1 1 1 1 1 1 1 1 1 1 1 1 1 1 1 1 1 2 1 1 2 1 1 1 1 1 2 2 2 1 1 1 1 1 1 1 1 2 1 2 1 1 1 1 1 1 2 1 2 3 1 1 1 1 1 1 1 1 2 1 1 1 1 1 1 2 2 1 1 1 1 1 1 1 1 1 1 1 1 2 1 1 1 1 1 1 1 1 1 1 1 1 3 3 3 2 1 1 1 2 3 3 3 2 1 1 2 2 2 2 2 2 1 1 2 2 2 2 2 1 1 1 1 1 1 1 1 1 2 1 1 2 1 1 1 1 1 1 2 1 1 1 1 1 1 1 1 1 1 1 1 1 1 1 1 1 1 2 1 1 1 1 1 1 2 1 1 1 1 1 1 1 1 1 1 1 1 1 1 1 1 1 1 1 2 1 1 2 1 1 1 1 1 1 1 1 1 1 1 1 1 1 2 1 1 1 1 1 1 1 1 1 1 1 1 1 1 1 2 1 1 1 1 1 1 1 1 1 1 1 1 1 1 1 2 1 1 1 1 1 1 1 1 1 1 1 1 1 1 1 2 1 1 2 1 1 1 1 1 1 1 1 1 1 1 1 1 1 2 1 1 2 3 3 2 1 1 1 1 1 1 3 2 1 1 2 2 2 2 2 2 1 1 2 2 2 2 2 3 3 4 5 1 1 1 1 1 1 2 3 4 3 1 1 1 1 1 2 3 3 3 4 4 4 5 5 1 2 3 4 1 1 1 2 2 1 1 1 2 3 1 2 3 1 1 2 3 4 3 4 5 4 1 1 1 1 2 3 4 1 1 1 4 5 5 1 2 3 4 3 1 1 2 2 2 2 3 3 3 4 1 2 3 1 2 3 1 1 1 3 4 3 4 5 4 1 2 1 1 1 1 1 1 1 1 1 1 1 1 2 3 1 2 3 1 1 3 4 5 4 5 1 1 1 2 4 4 1 2 3 4 4 2 3 1 1 1 1 1 1 1 2 3 2 1 1 1 2 3 1 1 1 1 1 1 1 1 1 1 1 1 1 1 1 1 1 1 2 1 1 1 1 1 1 1 1 1 1 1 1 1 1 1 1 1 1 1 1 1 1 1 1 1 2 3 4 5 4 5 1 1 1 1 1 1 1 1 1 1 1 1 1 1 1 2 1 1 1 1 1 1 1 1 1 1 1 1 1 1 1 1 1 1 1 1 2 3 4 5 1 1 1 1 1 1 1 1 1 1 1 1 
-----------seed: 2 end------------


1 1 1 1 1 1 1 1 1 1 1 1 1 1 1 1 1 1 2 1 1 1 1 1 1 1 1 4 1 1 1 1 1 1 2 1 1 1 1 2 3 1 1 1 2 1 2 1 1 2 1 1 2 1 1 1 1 2 1 1 1 1 1 3 1 1 2 1 1 2 1 1 1 1 1 2 1 1 2 1 1 2 1 1 2 1 1 1 1 1 
-----------seed: 3 end------------


1 1 1 1 1 1 2 3 4 1 1 1 1 1 1 1 1 1 1 1 1 1 1 1 1 1 1 1 1 1 1 1 1 2 1 1 1 1 2 1 1 1 1 1 1 2 2 1 1 1 1 1 2 2 1 2 3 1 1 1 1 1 1 1 1 1 1 1 1 1 1 1 1 1 1 1 1 1 1 1 1 1 1 1 1 1 1 1 1 1 1 2 1 1 1 1 1 1 1 1 1 1 1 1 1 2 1 2 1 1 1 2 2 2 1 1 2 1 1 1 1 1 1 1 1 1 5 5 3 4 5 6 6 1 1 5 1 1 2 3 3 3 4 5 3 2 2 3 4 3 4 5 4 2 3 4 1 2 2 1 1 2 2 1 1 2 1 1 1 1 1 1 1 2 3 4 1 1 2 3 1 2 2 3 1 2 1 1 2 1 1 1 1 2 2 3 1 1 2 2 3 1 1 1 1 2 2 1 1 1 2 2 3 1 1 1 2 2 3 3 3 3 4 4 3 2 2 1 2 2 2 2 3 3 2 3 3 3 3 4 4 3 2 1 2 2 2 1 1 2 2 2 1 1 1 1 1 1 1 1 1 1 1 1 1 1 1 2 1 1 1 2 2 2 1 1 1 1 1 1 1 1 1 1 2 1 1 1 1 1 1 1 1 1 1 2 1 1 1 1 1 1 1 1 2 2 4 5 6 6 1 1 1 1 1 3 3 1 1 2 3 3 4 5 1 1 1 1 1 1 2 2 1 1 1 1 2 2 1 1 1 2 1 1 1 2 2 1 1 1 2 1 2 1 1 1 1 1 1 2 2 1 1 1 1 1 1 1 2 1 1 2 1 1 1 1 1 2 1 1 1 1 1 1 1 1 2 1 1 1 1 1 2 2 2 1 1 2 3 1 1 1 1 1 1 1 1 2 1 1 1 1 1 1 2 2 2 1 1 1 1 1 1 1 1 1 1 1 1 2 1 1 2 3 1 1 1 1 1 1 1 2 3 3 3 2 1 1 1 1 3 3 3 2 1 1 2 2 2 2 2 3 2 1 2 2 2 2 1 2 2 2 1 2 2 2 1 1 1 1 1 1 1 1 1 1 1 1 1 1 1 1 1 1 1 
-----------seed: 4 end------------


1 1 1 1 1 1 1 1 1 1 1 1 1 1 1 1 1 1 1 1 1 1 2 1 1 2 1 1 1 2 3 1 1 1 2 3 2 1 1 2 1 1 2 1 1 1 1 2 1 2 1 1 1 1 1 1 1 2 1 1 1 1 1 1 1 2 1 1 2 1 2 1 2 1 1 1 1 1 2 1 1 1 2 3 1 1 2 1 1 2 1 1 2 1 2 1 1 1 2 1 2 1 1 1 1 1 1 2 2 3 4 1 2 1 1 2 1 1 1 2 1 1 2 3 4 1 
-----------seed: 5 end------------


1 1 1 1 1 1 1 1 1 1 1 1 1 1 1 1 1 1 1 1 1 1 2 1 1 2 1 1 1 2 3 1 1 1 2 3 2 1 1 2 1 1 2 1 1 1 1 2 1 2 1 1 1 1 3 4 4 3 2 1 1 1 1 2 2 3 3 2 2 2 3 3 4 4 3 2 1 2 2 1 2 2 3 3 2 2 2 3 3 3 3 3 2 1 1 1 1 2 2 1 1 1 1 1 1 1 1 2 1 1 1 1 1 1 1 1 1 1 1 1 1 1 1 1 1 1 1 1 1 1 1 1 1 1 1 2 1 2 1 1 1 1 1 1 4 1 1 1 1 1 1 2 1 1 1 1 2 3 1 1 1 2 1 2 1 1 2 1 1 2 1 1 1 1 2 1 1 1 1 1 1 1 1 2 1 1 2 1 1 1 1 1 1 2 1 1 2 1 1 1 1 1 1 2 1 1 2 2 1 1 1 1 1 2 1 1 1 2 1 1 1 1 1 2 1 1 1 2 1 1 1 1 1 2 1 2 1 1 2 1 1 1 1 1 1 1 1 1 1 1 1 1 
-----------seed: 6 end------------


1 1 1 1 1 1 1 1 1 1 1 1 1 1 1 1 1 1 1 1 1 1 2 1 1 2 1 1 1 2 3 1 1 1 2 3 2 1 1 2 1 1 2 1 1 1 1 2 1 2 1 1 1 1 1 2 1 1 1 1 1 1 1 2 1 1 1 1 1 2 1 1 1 1 2 1 2 1 1 1 1 1 1 1 2 1 1 1 1 1 1 1 2 1 1 2 1 2 1 1 2 1 1 1 2 1 1 2 1 1 1 1 1 2 1 1 1 1 2 1 1 2 1 1 1 2 1 1 2 3 4 1 1 2 3 
-----------seed: 7 end------------


